-0.99 -0.14 -0.0997531 0.00702316 0
-0.99 -0.13 -0.0997841 0.00656828 0
-0.99 0.13 -0.0997841 -0.00656828 0
-0.99 0.14 -0.0997531 -0.00702316 0
-0.9 -0.08 -0.0997919 0.00644769 0
-0.9 0.08 -0.0997919 -0.00644769 0
-0.89 -0.06 -0.0998707 0.00508307 0
-0.89 0.06 -0.0998707 -0.00508307 0
-0.87 -0.05 -0.099893 0.00462562 0
-0.87 0.05 -0.099893 -0.00462562 0
-0.85 -0.04 -0.0999188 0.00402795 0
-0.85 0.04 -0.0999188 -0.00402795 0
-0.81 -0.01 -0.099993 0.00118365 0
-0.81 0.01 -0.099993 -0.00118365 0
-0.8 -0.01 -0.0999924 0.00122993 0
-0.8 0.01 -0.0999924 -0.00122993 0
-0.79 -0.07 -0.0996065 0.00886271 0
-0.79 -0.01 -0.0999918 0.00127739 0
-0.79 0.01 -0.0999918 -0.00127739 0
-0.79 0.07 -0.0996065 -0.00886271 0
-0.78 -0.01 -0.0999912 0.00132606 0
-0.78 0.01 -0.0999912 -0.00132606 0
-0.76 -0.15 -0.0978669 0.0205445 0
-0.76 0.15 -0.0978669 -0.0205445 0
-0.75 -0.02 -0.0999563 0.00295752 0
-0.75 0.02 -0.0999563 -0.00295752 0
-0.74 -0.17 -0.0968956 0.0247232 0
-0.74 -0.03 -0.0998945 0.00459323 0
-0.74 0.03 -0.0998945 -0.00459323 0
-0.74 0.17 -0.0968956 -0.0247232 0
-0.73 -0.03 -0.0998867 0.0047583 0
-0.73 0.03 -0.0998867 -0.0047583 0
-0.63 -0.2 -0.0912562 0.0408939 0
-0.63 0.2 -0.0912562 -0.0408939 0
-0.6 -0.19 -0.0903594 0.0428391 0
-0.6 -0.11 -0.09652 0.0261514 1
-0.6 0.11 -0.09652 -0.0261514 1
-0.6 0.19 -0.0903594 -0.0428391 0
-0.56 -0.18 -0.0888294 0.0459275 1
-0.56 0.18 -0.0888294 -0.0459275 1
-0.51 -0.23 -0.0771511 0.0636216 1
-0.51 0.23 -0.0771511 -0.0636216 1
-0.5 -0.23 -0.0758278 0.0651932 1
-0.5 0.23 -0.0758278 -0.0651932 1
-0.45 -0.16 -0.0827959 0.0560789 1
-0.45 0.16 -0.0827959 -0.0560789 1
-0.43 -0.21 -0.0693737 0.0720228 1
-0.43 -0.2 -0.0717288 0.0696777 1
-0.43 -0.19 -0.0740471 0.0672088 1
-0.43 0.19 -0.0740471 -0.0672088 1
-0.43 0.2 -0.0717288 -0.0696777 1
-0.43 0.21 -0.0693737 -0.0720228 1
-0.37 -0.21 -0.0576991 0.0816751 1
-0.37 0.21 -0.0576991 -0.0816751 1
-0.36 -0.17 -0.0680626 0.0732631 2
-0.36 0.17 -0.0680626 -0.0732631 2
-0.35 -0.18 -0.0629176 0.0777263 2
-0.35 0.18 -0.0629176 -0.0777263 2
-0.34 -0.18 -0.0607714 0.0794156 2
-0.34 -0.17 -0.0641895 0.0766792 2
-0.34 0.17 -0.0641895 -0.0766792 2
-0.34 0.18 -0.0607714 -0.0794156 2
-0.33 -0.16 -0.0656014 0.0754749 2
-0.33 0.16 -0.0656014 -0.0754749 2
-0.3 -0.13 -0.0707171 0.0707043 3
-0.3 0.13 -0.0707171 -0.0707043 3
-0.26 -0.15 -0.0523776 0.0851856 3
-0.26 0.15 -0.0523776 -0.0851856 3
-0.23 -0.38 0.0458477 0.0888706 1
-0.23 0.38 0.0458477 -0.0888706 1
-0.22 -0.13 -0.0496937 0.0867786 5
-0.22 -0.12 -0.0554515 0.0832174 5
-0.22 0.12 -0.0554515 -0.0832174 5
-0.22 0.13 -0.0496937 -0.0867786 5
-0.19 -0.12 -0.0439863 0.0898065 6
-0.19 0.12 -0.0439863 -0.0898065 6
-0.18 -0.12 -0.0393785 0.0919202 7
-0.18 -0.1 -0.0535682 0.084442 7
-0.18 0.1 -0.0535682 -0.084442 7
-0.18 0.12 -0.0393785 -0.0919202 7
-0.15 -0.08 -0.0561144 0.0827718 11
-0.15 0.08 -0.0561144 -0.0827718 11
-0.12 -0.07 -0.049456 0.0869143 17
-0.12 0.07 -0.049456 -0.0869143 17
-0.1 -0.06 -0.0471985 0.0881606 24
-0.1 0.06 -0.0471985 -0.0881606 24
-0.06 -0.03 -0.0600238 0.0799822 74
-0.06 0.03 -0.0600238 -0.0799822 74
-0.05 -0.03 -0.0470763 0.088226 98
-0.05 0.03 -0.0470763 -0.088226 98
-0.04 -0.02 -0.060007 0.0799947 166
-0.04 0.02 -0.060007 -0.0799947 166
-0.03 -0.02 -0.0384658 0.0923059 256
-0.03 0.02 -0.0384658 -0.0923059 256
-0.02 -0.01 -0.0600009 0.0799993 666
-0.02 0.01 -0.0600009 -0.0799993 666
-0.01 -0.32 0.0999558 0.00297144 3
-0.01 -0.01 -2e-07 0.1 1666
-0.01 0.01 -2e-07 -0.1 1666
-0.01 0.32 0.0999558 -0.00297144 3
0 -0.3 0.0999636 -0.00269902 3
0 -0.21 0.0999957 -0.00092606 7
0 -0.17 0.0999988 -0.000491294 11
0 -0.14 0.0999996 -0.000274399 17
0 -0.09 0.1 -7.29e-05 41
0 -0.06 0.1 -2.16e-05 92
0 -0.05 0.1 -1.25e-05 133
0 -0.04 0.1 -6.4e-06 208
0 0 nan nan 0
0 0.04 0.1 6.4e-06 208
0 0.05 0.1 1.25e-05 133
0 0.06 0.1 2.16e-05 92
0 0.09 0.1 7.29e-05 41
0 0.14 0.0999996 0.000274399 17
0 0.17 0.0999988 0.000491294 11
0 0.21 0.0999957 0.00092606 7
0 0.3 0.0999636 0.00269902 3
0.01 -0.31 0.0995576 -0.0093959 3
0.01 -0.01 2e-07 -0.1 1666
0.01 0.01 2e-07 0.1 1666
0.01 0.31 0.0995576 0.0093959 3
0.02 -0.38 0.0987376 -0.0158393 2
0.02 -0.29 0.0986966 -0.0160926 3
0.02 -0.01 -0.0599991 -0.0800007 666
0.02 0.01 -0.0599991 0.0800007 666
0.02 0.29 0.0986966 0.0160926 3
0.02 0.38 0.0987376 0.0158393 2
0.03 -0.36 0.0977736 -0.0209839 2
0.03 -0.35 0.0977515 -0.0210866 2
0.03 -0.02 -0.0384573 -0.0923095 256
0.03 0.02 -0.0384573 0.0923095 256
0.03 0.35 0.0977515 0.0210866 2
0.03 0.36 0.0977736 0.0209839 2
0.04 -0.02 -0.059993 -0.0800053 166
0.04 0.02 -0.059993 0.0800053 166
0.05 -0.47 0.0952712 -0.0303876 1
0.05 -0.03 -0.0470414 -0.0882446 98
0.05 0.03 -0.0470414 0.0882446 98
0.05 0.47 0.0952712 0.0303876 1
0.06 -0.03 -0.0599762 -0.0800178 74
0.06 0.03 -0.0599762 0.0800178 74
0.09 -0.64 0.0878516 -0.0477712 0
0.09 0.64 0.0878516 0.0477712 0
0.1 -0.48 0.0877292 -0.0479957 1
0.1 -0.06 -0.046919 -0.0883097 24
0.1 0.06 -0.046919 0.0883097 24
0.1 0.48 0.0877292 0.0479957 1
0.11 -0.52 0.0863633 -0.050412 1
0.11 -0.51 0.0862947 -0.0505294 1
0.11 0.51 0.0862947 0.0505294 1
0.11 0.52 0.0863633 0.050412 1
0.12 -0.58 0.084789 -0.0530172 1
0.12 -0.57 0.0848322 -0.052948 1
0.12 -0.07 -0.0489893 -0.0871783 17
0.12 0.07 -0.0489893 0.0871783 17
0.12 0.57 0.0848322 0.052948 1
0.12 0.58 0.084789 0.0530172 1
0.13 -0.6 0.0831851 -0.0554999 1
0.13 -0.58 0.0832761 -0.0553632 1
0.13 -0.07 -0.0547779 -0.0836623 15
0.13 0.07 -0.0547779 0.0836623 15
0.13 0.58 0.0832761 0.0553632 1
0.13 0.6 0.0831851 0.0554999 1
0.19 -0.13 -0.0351195 -0.0936302 6
0.19 0.13 -0.0351195 0.0936302 6
0.21 -0.58 0.0701793 -0.0712381 1
0.21 -0.13 -0.0432444 -0.0901661 5
0.21 0.13 -0.0432444 0.0901661 5
0.21 0.58 0.0701793 0.0712381 1
0.22 -0.13 -0.0467721 -0.0883876 5
0.22 0.13 -0.0467721 0.0883876 5
0.23 -0.74 0.0689224 -0.0724549 0
0.23 0.74 0.0689224 0.0724549 0
0.24 -0.13 -0.0529196 -0.0848499 4
0.24 0.13 -0.0529196 0.0848499 4
0.25 -0.73 0.0667392 -0.0744706 0
0.25 -0.13 -0.055596 -0.0831209 4
0.25 0.13 -0.055596 0.0831209 4
0.25 0.73 0.0667392 0.0744706 0
0.26 -0.15 -0.0476967 -0.0878921 3
0.26 0.15 -0.0476967 0.0878921 3
0.27 -0.61 0.0616677 -0.0787216 0
0.27 0.61 0.0616677 0.0787216 0
0.28 -0.6 0.0596497 -0.0802616 0
0.28 0.6 0.0596497 0.0802616 0
0.31 -0.23 -0.0238766 -0.0971077 2
0.31 0.23 -0.0238766 0.0971077 2
0.32 -0.72 0.0589882 -0.0807489 0
0.32 -0.21 -0.0347225 -0.0937782 2
0.32 0.21 -0.0347225 0.0937782 2
0.32 0.72 0.0589882 0.0807489 0
0.34 -0.71 0.05663 -0.0824199 0
0.34 0.71 0.05663 0.0824199 0
0.37 -0.9 0.0563551 -0.0826081 0
0.37 -0.89 0.0564036 -0.082575 0
0.37 -0.7 0.0532164 -0.0846641 0
0.37 0.7 0.0532164 0.0846641 0
0.37 0.89 0.0564036 0.082575 0
0.37 0.9 0.0563551 0.0826081 0
0.38 -0.92 0.055714 -0.0830419 0
0.38 -0.68 0.0512528 -0.0858671 0
0.38 -0.48 0.0306907 -0.0951739 1
0.38 0.48 0.0306907 0.0951739 1
0.38 0.68 0.0512528 0.0858671 0
0.38 0.92 0.055714 0.0830419 0
0.39 -1 0.054381 -0.0839208 0
0.39 -0.83 0.0549855 -0.083526 0
0.39 -0.78 0.0541173 -0.0840911 0
0.39 -0.75 0.0532863 -0.0846201 0
0.39 -0.69 0.0507923 -0.0861402 0
0.39 -0.68 0.0502545 -0.0864551 0
0.39 -0.61 0.0453251 -0.0891383 0
0.39 0.61 0.0453251 0.0891383 0
0.39 0.68 0.0502545 0.0864551 0
0.39 0.69 0.0507923 0.0861402 0
0.39 0.75 0.0532863 0.0846201 0
0.39 0.78 0.0541173 0.0840911 0
0.39 0.83 0.0549855 0.083526 0
0.39 1 0.054381 0.0839208 0
0.4 -0.98 0.0543022 -0.0839719 0
0.4 -0.88 0.0547633 -0.0836719 0
0.4 -0.84 0.054472 -0.0838618 0
0.4 -0.7 0.050373 -0.0863861 0
0.4 -0.69 0.0498483 -0.08669 0
0.4 -0.68 0.0492862 -0.0870108 0
0.4 0.68 0.0492862 0.0870108 0
0.4 0.69 0.0498483 0.08669 0
0.4 0.7 0.050373 0.0863861 0
0.4 0.84 0.054472 0.0838618 0
0.4 0.88 0.0547633 0.0836719 0
0.4 0.98 0.0543022 0.0839719 0
0.41 -0.68 0.0483486 -0.0875352 0
0.41 0.68 0.0483486 0.0875352 0
0.42 -0.7 0.04862 -0.0873848 0
0.42 0.7 0.04862 0.0873848 0
0.43 -0.43 0.0135924 -0.0990719 1
0.43 0.43 0.0135924 0.0990719 1
0.44 -0.71 0.0475612 -0.0879655 0
0.44 -0.39 0.00284223 -0.0999596 1
0.44 0.39 0.00284223 0.0999596 1
0.44 0.71 0.0475612 0.0879655 0
0.47 -0.43 0.00868199 -0.0996224 0
0.47 0.43 0.00868199 0.0996224 0
0.48 -0.73 0.0459228 -0.0888319 0
0.48 0.73 0.0459228 0.0888319 0
0.49 -0.74 0.0458793 -0.0888543 0
0.49 0.74 0.0458793 0.0888543 0
0.5 -0.74 0.0453271 -0.0891373 0
0.5 0.74 0.0453271 0.0891373 0
0.51 -0.4 -0.00210845 -0.0999778 0
0.51 0.4 -0.00210845 0.0999778 0
0.53 -0.75 0.0444165 -0.0895945 0
0.53 -0.51 0.0191117 -0.0981567 0
0.53 0.51 0.0191117 0.0981567 0
0.53 0.75 0.0444165 0.0895945 0
0.56 -0.77 0.0443327 -0.089636 0
0.56 0.77 0.0443327 0.089636 0
0.57 -0.77 0.044011 -0.0897944 0
0.57 0.77 0.044011 0.0897944 0
0.67 -0.88 0.046973 -0.088281 0
0.67 -0.84 0.0455793 -0.0890086 0
0.67 0.84 0.0455793 0.0890086 0
0.67 0.88 0.046973 0.088281 0
0.68 -0.83 0.0451486 -0.0892278 0
0.68 0.83 0.0451486 0.0892278 0
0.74 -0.94 0.0487491 -0.0873128 0
0.74 -0.93 0.0485275 -0.0874362 0
0.74 -0.89 0.0474864 -0.0880059 0
0.74 0.89 0.0474864 0.0880059 0
0.74 0.93 0.0485275 0.0874362 0
0.74 0.94 0.0487491 0.0873128 0
0.76 -0.95 0.049156 -0.0870843 0
0.76 0.95 0.049156 0.0870843 0
0.77 -0.96 0.0494677 -0.0869077 0
0.77 0.96 0.0494677 0.0869077 0
0.78 -0.97 0.0497772 -0.0867308 0
0.78 0.97 0.0497772 0.0867308 0
0.83 -0.98 0.0507647 -0.0861565 0
0.83 0.98 0.0507647 0.0861565 0
0.84 -0.95 0.0504675 -0.0863309 0
0.84 0.95 0.0504675 0.0863309 0
