-1 -1 0.0666667 0.0333333
-1 -0.96 0.0680821 0.0293356
-1 -0.92 0.0696703 0.0253522
-1 -0.88 0.0714436 0.0214002
-1 -0.84 0.0734134 0.0174997
-1 -0.8 0.0755899 0.0136744
-1 -0.76 0.0779813 0.00995128
-1 -0.72 0.0805926 0.00636114
-1 -0.68 0.0834252 0.00293827
-1 -0.64 0.0864757 -0.00027975
-1 -0.6 0.0897347 -0.0032526
-1 -0.56 0.0931858 -0.00593802
-1 -0.52 0.0968045 -0.00829302
-1 -0.48 0.100557 -0.0102754
-1 -0.44 0.104401 -0.0118455
-1 -0.4 0.108284 -0.0129687
-1 -0.36 0.112142 -0.0136177
-1 -0.32 0.115906 -0.013775
-1 -0.28 0.119498 -0.0134357
-1 -0.24 0.122836 -0.0126093
-1 -0.2 0.125838 -0.0113215
-1 -0.16 0.128424 -0.00961496
-1 -0.12 0.130521 -0.00754897
-1 -0.08 0.132067 -0.0051981
-1 -0.04 0.133014 -0.00264964
-1 0 0.133333 0
-1 0.04 0.133014 0.00264964
-1 0.08 0.132067 0.0051981
-1 0.12 0.130521 0.00754897
-1 0.16 0.128424 0.00961496
-1 0.2 0.125838 0.0113215
-1 0.24 0.122836 0.0126093
-1 0.28 0.119498 0.0134357
-1 0.32 0.115906 0.013775
-1 0.36 0.112142 0.0136177
-1 0.4 0.108284 0.0129687
-1 0.44 0.104401 0.0118455
-1 0.48 0.100557 0.0102754
-1 0.52 0.0968045 0.00829302
-1 0.56 0.0931858 0.00593802
-1 0.6 0.0897347 0.0032526
-1 0.64 0.0864757 0.00027975
-1 0.68 0.0834252 -0.00293827
-1 0.72 0.0805926 -0.00636114
-1 0.76 0.0779813 -0.00995128
-1 0.8 0.0755899 -0.0136744
-1 0.84 0.0734134 -0.0174997
-1 0.88 0.0714436 -0.0214002
-1 0.92 0.0696703 -0.0253522
-1 0.96 0.0680821 -0.0293356
-1 1 0.0666667 -0.0333333
-0.96 -1 0.0625845 0.0320022
-0.96 -0.96 0.064 0.027831
-0.96 -0.92 0.0656038 0.0236601
-0.96 -0.88 0.0674117 0.0195068
-0.96 -0.84 0.0694385 0.0153924
-0.96 -0.8 0.0716984 0.0113419
-0.96 -0.76 0.0742035 0.00738496
-0.96 -0.72 0.076963 0.00355556
-0.96 -0.68 0.0799823 -0.000107543
-0.96 -0.64 0.0832616 -0.00356114
-0.96 -0.6 0.0867945 -0.00675803
-0.96 -0.56 0.0905667 -0.00964779
-0.96 -0.52 0.0945542 -0.0121781
-0.96 -0.48 0.0987222 -0.0142963
-0.96 -0.44 0.103024 -0.015952
-0.96 -0.4 0.107401 -0.0170993
-0.96 -0.36 0.111782 -0.0177005
-0.96 -0.32 0.116083 -0.0177292
-0.96 -0.28 0.120213 -0.0171733
-0.96 -0.24 0.124073 -0.016039
-0.96 -0.2 0.127561 -0.0143521
-0.96 -0.16 0.130578 -0.0121602
-0.96 -0.12 0.133034 -0.00953233
-0.96 -0.08 0.134848 -0.00655727
-0.96 -0.04 0.135962 -0.00334062
-0.96 0 0.136338 0
-0.96 0.04 0.135962 0.00334062
-0.96 0.08 0.134848 0.00655727
-0.96 0.12 0.133034 0.00953233
-0.96 0.16 0.130578 0.0121602
-0.96 0.2 0.127561 0.0143521
-0.96 0.24 0.124073 0.016039
-0.96 0.28 0.120213 0.0171733
-0.96 0.32 0.116083 0.0177292
-0.96 0.36 0.111782 0.0177005
-0.96 0.4 0.107401 0.0170993
-0.96 0.44 0.103024 0.015952
-0.96 0.48 0.0987222 0.0142963
-0.96 0.52 0.0945542 0.0121781
-0.96 0.56 0.0905667 0.00964779
-0.96 0.6 0.0867945 0.00675803
-0.96 0.64 0.0832616 0.00356114
-0.96 0.68 0.0799823 0.000107543
-0.96 0.72 0.076963 -0.00355556
-0.96 0.76 0.0742035 -0.00738496
-0.96 0.8 0.0716984 -0.0113419
-0.96 0.84 0.0694385 -0.0153924
-0.96 0.88 0.0674117 -0.0195068
-0.96 0.92 0.0656038 -0.0236601
-0.96 0.96 0.064 -0.027831
-0.96 1 0.0625845 -0.0320022
-0.92 -1 0.0583297 0.0306855
-0.92 -0.96 0.0597295 0.0263267
-0.92 -0.92 0.0613333 0.0219509
-0.92 -0.88 0.0631605 0.0175753
-0.92 -0.84 0.0652303 0.0132218
-0.92 -0.8 0.0675613 0.00891675
-0.92 -0.76 0.0701706 0.00469183
-0.92 -0.72 0.0730727 0.000584424
-0.92 -0.68 0.0762782 -0.00336218
-0.92 -0.64 0.0797925 -0.00709871
-0.92 -0.6 0.0836136 -0.0105703
-0.92 -0.56 0.0877305 -0.013717
-0.92 -0.52 0.0921213 -0.0164755
-0.92 -0.48 0.096751 -0.0187806
-0.92 -0.44 0.10157 -0.020568
-0.92 -0.4 0.106513 -0.0217779
-0.92 -0.36 0.111499 -0.0223585
-0.92 -0.32 0.116431 -0.0222708
-0.92 -0.28 0.121199 -0.0214929
-0.92 -0.24 0.125682 -0.0200247
-0.92 -0.2 0.129756 -0.0178913
-0.92 -0.16 0.133297 -0.0151449
-0.92 -0.12 0.136189 -0.0118657
-0.92 -0.08 0.138334 -0.00816009
-0.92 -0.04 0.139653 -0.00415664
-0.92 0 0.140098 0
-0.92 0.04 0.139653 0.00415664
-0.92 0.08 0.138334 0.00816009
-0.92 0.12 0.136189 0.0118657
-0.92 0.16 0.133297 0.0151449
-0.92 0.2 0.129756 0.0178913
-0.92 0.24 0.125682 0.0200247
-0.92 0.28 0.121199 0.0214929
-0.92 0.32 0.116431 0.0222708
-0.92 0.36 0.111499 0.0223585
-0.92 0.4 0.106513 0.0217779
-0.92 0.44 0.10157 0.020568
-0.92 0.48 0.096751 0.0187806
-0.92 0.52 0.0921213 0.0164755
-0.92 0.56 0.0877305 0.013717
-0.92 0.6 0.0836136 0.0105703
-0.92 0.64 0.0797925 0.00709871
-0.92 0.68 0.0762782 0.00336218
-0.92 0.72 0.0730727 -0.000584424
-0.92 0.76 0.0701706 -0.00469183
-0.92 0.8 0.0675613 -0.00891675
-0.92 0.84 0.0652303 -0.0132218
-0.92 0.88 0.0631605 -0.0175753
-0.92 0.92 0.0613333 -0.0219509
-0.92 0.96 0.0597295 -0.0263267
-0.92 1 0.0583297 -0.0306855
-0.88 -1 0.0538898 0.0294002
-0.88 -0.96 0.055255 0.0248402
-0.88 -0.92 0.0568395 0.020242
-0.88 -0.88 0.0586667 0.0156226
-0.88 -0.84 0.0607607 0.0110037
-0.88 -0.8 0.0631455 0.00641237
-0.88 -0.76 0.0658443 0.00188219
-0.88 -0.72 0.0688781 -0.00254652
-0.88 -0.68 0.0722643 -0.00682592
-0.88 -0.64 0.0760151 -0.0109004
-0.88 -0.6 0.0801349 -0.0147067
-0.88 -0.56 0.0846182 -0.0181742
-0.88 -0.52 0.089447 -0.0212265
-0.88 -0.48 0.0945877 -0.0237832
-0.88 -0.44 0.099989 -0.0257631
-0.88 -0.4 0.10558 -0.0270879
-0.88 -0.36 0.111268 -0.0276877
-0.88 -0.32 0.116941 -0.0275061
-0.88 -0.28 0.122467 -0.026507
-0.88 -0.24 0.1277 -0.0246805
-0.88 -0.2 0.132485 -0.0220481
-0.88 -0.16 0.136667 -0.0186667
-0.88 -0.12 0.140097 -0.0146292
-0.88 -0.08 0.142649 -0.0100635
-0.88 -0.04 0.144223 -0.00512729
-0.88 0 0.144755 0
-0.88 0.04 0.144223 0.00512729
-0.88 0.08 0.142649 0.0100635
-0.88 0.12 0.140097 0.0146292
-0.88 0.16 0.136667 0.0186667
-0.88 0.2 0.132485 0.0220481
-0.88 0.24 0.1277 0.0246805
-0.88 0.28 0.122467 0.026507
-0.88 0.32 0.116941 0.0275061
-0.88 0.36 0.111268 0.0276877
-0.88 0.4 0.10558 0.0270879
-0.88 0.44 0.099989 0.0257631
-0.88 0.48 0.0945877 0.0237832
-0.88 0.52 0.089447 0.0212265
-0.88 0.56 0.0846182 0.0181742
-0.88 0.6 0.0801349 0.0147067
-0.88 0.64 0.0760151 0.0109004
-0.88 0.68 0.0722643 0.00682592
-0.88 0.72 0.0688781 0.00254652
-0.88 0.76 0.0658443 -0.00188219
-0.88 0.8 0.0631455 -0.00641237
-0.88 0.84 0.0607607 -0.0110037
-0.88 0.88 0.0586667 -0.0156226
-0.88 0.92 0.0568395 -0.020242
-0.88 0.96 0.055255 -0.0248402
-0.88 1 0.0538898 -0.0294002
-0.84 -1 0.0492533 0.0281664
-0.84 -0.96 0.0505615 0.0233924
-0.84 -0.92 0.052103 0.0185551
-0.84 -0.88 0.053906 0.0136703
-0.84 -0.84 0.056 0.00875888
-0.84 -0.8 0.0584154 0.00384805
-0.84 -0.76 0.0611824 -0.00102766
-0.84 -0.72 0.0643301 -0.00582545
-0.84 -0.68 0.0678847 -0.0104933
-0.84 -0.64 0.071867 -0.0149692
-0.84 -0.6 0.0762906 -0.0191808
-0.84 -0.56 0.081158 -0.0230458
-0.84 -0.52 0.0864578 -0.0264728
-0.84 -0.48 0.0921604 -0.0293631
-0.84 -0.44 0.0982149 -0.0316145
-0.84 -0.4 0.104545 -0.0331254
-0.84 -0.36 0.111049 -0.0338016
-0.84 -0.32 0.117595 -0.0335632
-0.84 -0.28 0.124027 -0.0323537
-0.84 -0.24 0.130166 -0.030148
-0.84 -0.2 0.13582 -0.0269603
-0.84 -0.16 0.14079 -0.0228504
-0.84 -0.12 0.144889 -0.0179259
-0.84 -0.08 0.14795 -0.0123412
-0.84 -0.04 0.149842 -0.00629097
-0.84 0 0.150482 0
-0.84 0.04 0.149842 0.00629097
-0.84 0.08 0.14795 0.0123412
-0.84 0.12 0.144889 0.0179259
-0.84 0.16 0.14079 0.0228504
-0.84 0.2 0.13582 0.0269603
-0.84 0.24 0.130166 0.030148
-0.84 0.28 0.124027 0.0323537
-0.84 0.32 0.117595 0.0335632
-0.84 0.36 0.111049 0.0338016
-0.84 0.4 0.104545 0.0331254
-0.84 0.44 0.0982149 0.0316145
-0.84 0.48 0.0921604 0.0293631
-0.84 0.52 0.0864578 0.0264728
-0.84 0.56 0.081158 0.0230458
-0.84 0.6 0.0762906 0.0191808
-0.84 0.64 0.071867 0.0149692
-0.84 0.68 0.0678847 0.0104933
-0.84 0.72 0.0643301 0.00582545
-0.84 0.76 0.0611824 0.00102766
-0.84 0.8 0.0584154 -0.00384805
-0.84 0.84 0.056 -0.00875888
-0.84 0.88 0.053906 -0.0136703
-0.84 0.92 0.052103 -0.0185551
-0.84 0.96 0.0505615 -0.0233924
-0.84 1 0.0492533 -0.0281664
-0.8 -1 0.0444101 0.0270077
-0.8 -0.96 0.0456349 0.0220086
-0.8 -0.92 0.0471054 0.0169167
-0.8 -0.88 0.0488545 0.0117457
-0.8 -0.84 0.050918 0.00651472
-0.8 -0.8 0.0533333 0.00125
-0.8 -0.76 0.0561393 -0.0040139
-0.8 -0.72 0.0593746 -0.00923269
-0.8 -0.68 0.0630759 -0.0143508
-0.8 -0.64 0.0672759 -0.0193004
-0.8 -0.6 0.072 -0.024
-0.8 -0.56 0.0772624 -0.0283544
-0.8 -0.52 0.0830621 -0.0322551
-0.8 -0.48 0.0893772 -0.0355822
-0.8 -0.44 0.0961603 -0.0382074
-0.8 -0.4 0.103333 -0.04
-0.8 -0.36 0.110783 -0.0408337
-0.8 -0.32 0.11836 -0.0405969
-0.8 -0.28 0.125878 -0.0392034
-0.8 -0.24 0.133118 -0.036605
-0.8 -0.2 0.139839 -0.0328028
-0.8 -0.16 0.145789 -0.0278565
-0.8 -0.12 0.150724 -0.0218898
-0.8 -0.08 0.154426 -0.0150895
-0.8 -0.04 0.156722 -0.00769811
-0.8 0 0.1575 0
-0.8 0.04 0.156722 0.00769811
-0.8 0.08 0.154426 0.0150895
-0.8 0.12 0.150724 0.0218898
-0.8 0.16 0.145789 0.0278565
-0.8 0.2 0.139839 0.0328028
-0.8 0.24 0.133118 0.036605
-0.8 0.28 0.125878 0.0392034
-0.8 0.32 0.11836 0.0405969
-0.8 0.36 0.110783 0.0408337
-0.8 0.4 0.103333 0.04
-0.8 0.44 0.0961603 0.0382074
-0.8 0.48 0.0893772 0.0355822
-0.8 0.52 0.0830621 0.0322551
-0.8 0.56 0.0772624 0.0283544
-0.8 0.6 0.072 0.024
-0.8 0.64 0.0672759 0.0193004
-0.8 0.68 0.0630759 0.0143508
-0.8 0.72 0.0593746 0.00923269
-0.8 0.76 0.0561393 0.0040139
-0.8 0.8 0.0533333 -0.00125
-0.8 0.84 0.050918 -0.00651472
-0.8 0.88 0.0488545 -0.0117457
-0.8 0.92 0.0471054 -0.0169167
-0.8 0.96 0.0456349 -0.0220086
-0.8 1 0.0444101 -0.0270077
-0.76 -1 0.0393521 0.0259513
-0.76 -0.96 0.0404632 0.0207183
-0.76 -0.92 0.0418294 0.0153585
-0.76 -0.88 0.043489 0.00988219
-0.76 -0.84 0.0454843 0.00430567
-0.76 -0.8 0.0478607 -0.00134724
-0.76 -0.76 0.0506667 -0.0070434
-0.76 -0.72 0.0539522 -0.0127385
-0.76 -0.68 0.0577673 -0.0183748
-0.76 -0.64 0.062159 -0.0238793
-0.76 -0.6 0.0671685 -0.0291621
-0.76 -0.56 0.0728263 -0.0341147
-0.76 -0.52 0.0791466 -0.0386097
-0.76 -0.48 0.0861207 -0.0425025
-0.76 -0.44 0.09371 -0.0456338
-0.76 -0.4 0.101838 -0.0478358
-0.76 -0.36 0.110384 -0.0489408
-0.76 -0.32 0.119179 -0.0487935
-0.76 -0.28 0.128002 -0.0472663
-0.76 -0.24 0.136586 -0.0442757
-0.76 -0.2 0.144629 -0.0398001
-0.76 -0.16 0.151807 -0.0338938
-0.76 -0.12 0.157801 -0.0266969
-0.76 -0.08 0.16232 -0.018436
-0.76 -0.04 0.165132 -0.00941579
-0.76 0 0.166087 0
-0.76 0.04 0.165132 0.00941579
-0.76 0.08 0.16232 0.018436
-0.76 0.12 0.157801 0.0266969
-0.76 0.16 0.151807 0.0338938
-0.76 0.2 0.144629 0.0398001
-0.76 0.24 0.136586 0.0442757
-0.76 0.28 0.128002 0.0472663
-0.76 0.32 0.119179 0.0487935
-0.76 0.36 0.110384 0.0489408
-0.76 0.4 0.101838 0.0478358
-0.76 0.44 0.09371 0.0456338
-0.76 0.48 0.0861207 0.0425025
-0.76 0.52 0.0791466 0.0386097
-0.76 0.56 0.0728263 0.0341147
-0.76 0.6 0.0671685 0.0291621
-0.76 0.64 0.062159 0.0238793
-0.76 0.68 0.0577673 0.0183748
-0.76 0.72 0.0539522 0.0127385
-0.76 0.76 0.0506667 0.0070434
-0.76 0.8 0.0478607 0.00134724
-0.76 0.84 0.0454843 -0.00430567
-0.76 0.88 0.043489 -0.00988219
-0.76 0.92 0.0418294 -0.0153585
-0.76 0.96 0.0404632 -0.0207183
-0.76 1 0.0393521 -0.0259513
-0.72 -1 0.0340741 0.0250278
-0.72 -0.96 0.035037 0.0195556
-0.72 -0.92 0.0362606 0.0139178
-0.72 -0.88 0.0377886 0.00812015
-0.72 -0.84 0.0396699 0.00217455
-0.72 -0.8 0.0419588 -0.00389935
-0.72 -0.76 0.0447144 -0.0100718
-0.72 -0.72 0.048 -0.0163004
-0.72 -0.68 0.0518809 -0.0225275
-0.72 -0.64 0.0564225 -0.028677
-0.72 -0.6 0.0616861 -0.0346514
-0.72 -0.56 0.0677239 -0.0403294
-0.72 -0.52 0.0745721 -0.0455641
-0.72 -0.48 0.0822428 -0.0501828
-0.72 -0.44 0.0907135 -0.0539895
-0.72 -0.4 0.0999165 -0.0567705
-0.72 -0.36 0.109728 -0.0583045
-0.72 -0.32 0.119961 -0.0583776
-0.72 -0.28 0.130358 -0.0568029
-0.72 -0.24 0.140593 -0.0534444
-0.72 -0.2 0.150284 -0.0482425
-0.72 -0.16 0.159015 -0.0412364
-0.72 -0.12 0.166362 -0.0325811
-0.72 -0.08 0.171934 -0.0225519
-0.72 -0.04 0.175416 -0.0115345
-0.72 0 0.176601 0
-0.72 0.04 0.175416 0.0115345
-0.72 0.08 0.171934 0.0225519
-0.72 0.12 0.166362 0.0325811
-0.72 0.16 0.159015 0.0412364
-0.72 0.2 0.150284 0.0482425
-0.72 0.24 0.140593 0.0534444
-0.72 0.28 0.130358 0.0568029
-0.72 0.32 0.119961 0.0583776
-0.72 0.36 0.109728 0.0583045
-0.72 0.4 0.0999165 0.0567705
-0.72 0.44 0.0907135 0.0539895
-0.72 0.48 0.0822428 0.0501828
-0.72 0.52 0.0745721 0.0455641
-0.72 0.56 0.0677239 0.0403294
-0.72 0.6 0.0616861 0.0346514
-0.72 0.64 0.0564225 0.028677
-0.72 0.68 0.0518809 0.0225275
-0.72 0.72 0.048 0.0163004
-0.72 0.76 0.0447144 0.0100718
-0.72 0.8 0.0419588 0.00389935
-0.72 0.84 0.0396699 -0.00217455
-0.72 0.88 0.0377886 -0.00812015
-0.72 0.92 0.0362606 -0.0139178
-0.72 0.96 0.035037 -0.0195556
-0.72 1 0.0340741 -0.0250278
-0.68 -1 0.0285748 0.0242716
-0.68 -0.96 0.0293511 0.0185591
-0.68 -0.92 0.0303884 0.0126378
-0.68 -0.88 0.0317357 0.00650741
-0.68 -0.84 0.0334487 0.000173391
-0.68 -0.8 0.0355908 -0.00635085
-0.68 -0.76 0.0382327 -0.0130414
-0.68 -0.72 0.0414524 -0.0198608
-0.68 -0.68 0.0453333 -0.0267543
-0.68 -0.64 0.0499626 -0.0336457
-0.68 -0.6 0.0554268 -0.0404327
-0.68 -0.56 0.0618069 -0.0469831
-0.68 -0.52 0.0691696 -0.0531304
-0.68 -0.48 0.0775574 -0.058672
-0.68 -0.44 0.0869752 -0.0633694
-0.68 -0.4 0.097375 -0.0669533
-0.68 -0.36 0.10864 -0.0691337
-0.68 -0.32 0.120569 -0.0696178
-0.68 -0.28 0.132865 -0.0681358
-0.68 -0.24 0.145136 -0.0644734
-0.68 -0.2 0.1569 -0.0585087
-0.68 -0.16 0.167612 -0.0502489
-0.68 -0.12 0.176709 -0.0398582
-0.68 -0.08 0.183658 -0.0276704
-0.68 -0.04 0.188021 -0.0141784
-0.68 0 0.189509 0
-0.68 0.04 0.188021 0.0141784
-0.68 0.08 0.183658 0.0276704
-0.68 0.12 0.176709 0.0398582
-0.68 0.16 0.167612 0.0502489
-0.68 0.2 0.1569 0.0585087
-0.68 0.24 0.145136 0.0644734
-0.68 0.28 0.132865 0.0681358
-0.68 0.32 0.120569 0.0696178
-0.68 0.36 0.10864 0.0691337
-0.68 0.4 0.097375 0.0669533
-0.68 0.44 0.0869752 0.0633694
-0.68 0.48 0.0775574 0.058672
-0.68 0.52 0.0691696 0.0531304
-0.68 0.56 0.0618069 0.0469831
-0.68 0.6 0.0554268 0.0404327
-0.68 0.64 0.0499626 0.0336457
-0.68 0.68 0.0453333 0.0267543
-0.68 0.72 0.0414524 0.0198608
-0.68 0.76 0.0382327 0.0130414
-0.68 0.8 0.0355908 0.00635085
-0.68 0.84 0.0334487 -0.000173391
-0.68 0.88 0.0317357 -0.00650741
-0.68 0.92 0.0303884 -0.0126378
-0.68 0.96 0.0293511 -0.0185591
-0.68 1 0.0285748 -0.0242716
-0.64 -1 0.0228576 0.0237203
-0.64 -0.96 0.0234051 0.0177722
-0.64 -0.92 0.0242075 0.011568
-0.64 -0.88 0.0253182 0.00509959
-0.64 -0.84 0.0267997 -0.00163582
-0.64 -0.8 0.0287241 -0.00863375
-0.64 -0.76 0.0311743 -0.0158793
-0.64 -0.72 0.0342442 -0.0233436
-0.64 -0.68 0.0380374 -0.030979
-0.64 -0.64 0.0426667 -0.0387135
-0.64 -0.6 0.0482496 -0.046445
-0.64 -0.56 0.0549033 -0.0540338
-0.64 -0.52 0.0627359 -0.0612964
-0.64 -0.48 0.0718333 -0.068
-0.64 -0.44 0.0822434 -0.0738593
-0.64 -0.4 0.0939544 -0.0785389
-0.64 -0.36 0.106871 -0.0816626
-0.64 -0.32 0.120792 -0.0828333
-0.64 -0.28 0.135384 -0.0816648
-0.64 -0.24 0.150176 -0.0778262
-0.64 -0.2 0.164562 -0.0710965
-0.64 -0.16 0.177831 -0.061421
-0.64 -0.12 0.189219 -0.0489598
-0.64 -0.08 0.197096 -0.0339599
-0.64 -0.04 0.199263 -0.0171529
-0.64 0 0.2 0
-0.64 0.04 0.199263 0.0171529
-0.64 0.08 0.197096 0.0339599
-0.64 0.12 0.189219 0.0489598
-0.64 0.16 0.177831 0.061421
-0.64 0.2 0.164562 0.0710965
-0.64 0.24 0.150176 0.0778262
-0.64 0.28 0.135384 0.0816648
-0.64 0.32 0.120792 0.0828333
-0.64 0.36 0.106871 0.0816626
-0.64 0.4 0.0939544 0.0785389
-0.64 0.44 0.0822434 0.0738593
-0.64 0.48 0.0718333 0.068
-0.64 0.52 0.0627359 0.0612964
-0.64 0.56 0.0549033 0.0540338
-0.64 0.6 0.0482496 0.046445
-0.64 0.64 0.0426667 0.0387135
-0.64 0.68 0.0380374 0.030979
-0.64 0.72 0.0342442 0.0233436
-0.64 0.76 0.0311743 0.0158793
-0.64 0.8 0.0287241 0.00863375
-0.64 0.84 0.0267997 0.00163582
-0.64 0.88 0.0253182 -0.00509959
-0.64 0.92 0.0242075 -0.011568
-0.64 0.96 0.0234051 -0.0177722
-0.64 1 0.0228576 -0.0237203
-0.6 -1 0.0169319 0.0234141
-0.6 -0.96 0.0172055 0.017242
-0.6 -0.92 0.0177198 0.0107631
-0.6 -0.88 0.0185318 0.00396
-0.6 -0.84 0.0197094 -0.0031808
-0.6 -0.8 0.0213333 -0.0106667
-0.6 -0.76 0.0234982 -0.0184955
-0.6 -0.72 0.0263139 -0.0266514
-0.6 -0.68 0.0299065 -0.0350994
-0.6 -0.64 0.0344171 -0.0437783
-0.6 -0.6 0.04 -0.0525926
-0.6 -0.56 0.0468175 -0.0614023
-0.6 -0.52 0.0550309 -0.0700127
-0.6 -0.48 0.0647868 -0.0781637
-0.6 -0.44 0.0761968 -0.0855218
-0.6 -0.4 0.0893097 -0.0916765
-0.6 -0.36 0.104078 -0.0961461
-0.6 -0.32 0.120319 -0.098397
-0.6 -0.28 0.137679 -0.0978819
-0.6 -0.24 0.155603 -0.0940982
-0.6 -0.2 0.173333 -0.0866667
-0.6 -0.16 0.185882 -0.0738107
-0.6 -0.12 0.191777 -0.0567598
-0.6 -0.08 0.196251 -0.0385407
-0.6 -0.04 0.199048 -0.0194877
-0.6 0 0.2 0
-0.6 0.04 0.199048 0.0194877
-0.6 0.08 0.196251 0.0385407
-0.6 0.12 0.191777 0.0567598
-0.6 0.16 0.185882 0.0738107
-0.6 0.2 0.173333 0.0866667
-0.6 0.24 0.155603 0.0940982
-0.6 0.28 0.137679 0.0978819
-0.6 0.32 0.120319 0.098397
-0.6 0.36 0.104078 0.0961461
-0.6 0.4 0.0893097 0.0916765
-0.6 0.44 0.0761968 0.0855218
-0.6 0.48 0.0647868 0.0781637
-0.6 0.52 0.0550309 0.0700127
-0.6 0.56 0.0468175 0.0614023
-0.6 0.6 0.04 0.0525926
-0.6 0.64 0.0344171 0.0437783
-0.6 0.68 0.0299065 0.0350994
-0.6 0.72 0.0263139 0.0266514
-0.6 0.76 0.0234982 0.0184955
-0.6 0.8 0.0213333 0.0106667
-0.6 0.84 0.0197094 0.0031808
-0.6 0.88 0.0185318 -0.00396
-0.6 0.92 0.0177198 -0.0107631
-0.6 0.96 0.0172055 -0.017242
-0.6 1 0.0169319 -0.0234141
-0.56 -1 0.0108142 0.0233953
-0.56 -0.96 0.0107666 0.0170189
-0.56 -0.92 0.0109362 0.010283
-0.56 -0.88 0.0113818 0.00315917
-0.56 -0.84 0.0121753 -0.00437918
-0.56 -0.8 0.0134042 -0.0123544
-0.56 -0.76 0.0151737 -0.0207813
-0.56 -0.72 0.0176095 -0.0296627
-0.56 -0.68 0.0208597 -0.0389831
-0.56 -0.64 0.0250967 -0.0487004
-0.56 -0.6 0.0305159 -0.0587356
-0.56 -0.56 0.0373333 -0.0689592
-0.56 -0.52 0.0457777 -0.0791758
-0.56 -0.48 0.0560761 -0.0891073
-0.56 -0.44 0.0684313 -0.0983755
-0.56 -0.4 0.0829871 -0.10649
-0.56 -0.36 0.0997826 -0.112845
-0.56 -0.32 0.118694 -0.116734
-0.56 -0.28 0.139374 -0.117388
-0.56 -0.24 0.161194 -0.114054
-0.56 -0.2 0.173073 -0.100229
-0.56 -0.16 0.181957 -0.083015
-0.56 -0.12 0.18947 -0.0640393
-0.56 -0.08 0.195192 -0.0435893
-0.56 -0.04 0.198778 -0.0220743
-0.56 0 0.2 0
-0.56 0.04 0.198778 0.0220743
-0.56 0.08 0.195192 0.0435893
-0.56 0.12 0.18947 0.0640393
-0.56 0.16 0.181957 0.083015
-0.56 0.2 0.173073 0.100229
-0.56 0.24 0.161194 0.114054
-0.56 0.28 0.139374 0.117388
-0.56 0.32 0.118694 0.116734
-0.56 0.36 0.0997826 0.112845
-0.56 0.4 0.0829871 0.10649
-0.56 0.44 0.0684313 0.0983755
-0.56 0.48 0.0560761 0.0891073
-0.56 0.52 0.0457777 0.0791758
-0.56 0.56 0.0373333 0.0689592
-0.56 0.6 0.0305159 0.0587356
-0.56 0.64 0.0250967 0.0487004
-0.56 0.68 0.0208597 0.0389831
-0.56 0.72 0.0176095 0.0296627
-0.56 0.76 0.0151737 0.0207813
-0.56 0.8 0.0134042 0.0123544
-0.56 0.84 0.0121753 0.00437918
-0.56 0.88 0.0113818 -0.00315917
-0.56 0.92 0.0109362 -0.010283
-0.56 0.96 0.0107666 -0.0170189
-0.56 1 0.0108142 -0.0233953
-0.52 -1 0.00452879 0.023707
-0.52 -0.96 0.00411249 0.0171553
-0.52 -0.92 0.00387874 0.0101912
-0.52 -0.88 0.00388636 0.00277354
-0.52 -0.84 0.0042089 -0.00513948
-0.52 -0.8 0.00493795 -0.0135885
-0.52 -0.76 0.00618678 -0.0226097
-0.52 -0.72 0.00809452 -0.0322307
-0.52 -0.68 0.0108304 -0.0424637
-0.52 -0.64 0.0145975 -0.0532964
-0.52 -0.6 0.0196358 -0.0646793
-0.52 -0.56 0.0262223 -0.0765092
-0.52 -0.52 0.0346667 -0.0886075
-0.52 -0.48 0.0452993 -0.100695
-0.52 -0.44 0.0584479 -0.112363
-0.52 -0.4 0.074398 -0.123046
-0.52 -0.36 0.0933333 -0.132
-0.52 -0.32 0.115254 -0.138306
-0.52 -0.28 0.139877 -0.140902
-0.52 -0.24 0.153693 -0.127978
-0.52 -0.2 0.165936 -0.111647
-0.52 -0.16 0.177094 -0.0929392
-0.52 -0.12 0.186589 -0.0720045
-0.52 -0.08 0.193861 -0.0491735
-0.52 -0.04 0.198437 -0.0249543
-0.52 0 0.2 0
-0.52 0.04 0.198437 0.0249543
-0.52 0.08 0.193861 0.0491735
-0.52 0.12 0.186589 0.0720045
-0.52 0.16 0.177094 0.0929392
-0.52 0.2 0.165936 0.111647
-0.52 0.24 0.153693 0.127978
-0.52 0.28 0.139877 0.140902
-0.52 0.32 0.115254 0.138306
-0.52 0.36 0.0933333 0.132
-0.52 0.4 0.074398 0.123046
-0.52 0.44 0.0584479 0.112363
-0.52 0.48 0.0452993 0.100695
-0.52 0.52 0.0346667 0.0886075
-0.52 0.56 0.0262223 0.0765092
-0.52 0.6 0.0196358 0.0646793
-0.52 0.64 0.0145975 0.0532964
-0.52 0.68 0.0108304 0.0424637
-0.52 0.72 0.00809452 0.0322307
-0.52 0.76 0.00618678 0.0226097
-0.52 0.8 0.00493795 0.0135885
-0.52 0.84 0.0042089 0.00513948
-0.52 0.88 0.00388636 -0.00277354
-0.52 0.92 0.00387874 -0.0101912
-0.52 0.96 0.00411249 -0.0171553
-0.52 1 0.00452879 -0.023707
-0.48 -1 -0.00189075 0.0243913
-0.48 -0.96 -0.00272222 0.0177037
-0.48 -0.92 -0.00341762 0.0105527
-0.48 -0.88 -0.003921 0.00288347
-0.48 -0.84 -0.00416042 -0.00536314
-0.48 -0.8 -0.00404383 -0.0142488
-0.48 -0.76 -0.00345404 -0.0238358
-0.48 -0.72 -0.00224282 -0.0341828
-0.48 -0.68 -0.000224113 -0.0453387
-0.48 -0.64 0.00283333 -0.0573333
-0.48 -0.6 0.00721317 -0.0701637
-0.48 -0.56 0.0132572 -0.0837739
-0.48 -0.52 0.0213674 -0.0980284
-0.48 -0.48 0.032 -0.112676
-0.48 -0.44 0.0456466 -0.127306
-0.48 -0.4 0.0627937 -0.141299
-0.48 -0.36 0.0838519 -0.153778
-0.48 -0.32 0.109046 -0.163578
-0.48 -0.28 0.126529 -0.154889
-0.48 -0.24 0.142128 -0.140711
-0.48 -0.2 0.157195 -0.123651
-0.48 -0.16 0.171063 -0.103622
-0.48 -0.12 0.182977 -0.0807432
-0.48 -0.08 0.192178 -0.0553859
-0.48 -0.04 0.198004 -0.0281856
-0.48 0 0.2 0
-0.48 0.04 0.198004 0.0281856
-0.48 0.08 0.192178 0.0553859
-0.48 0.12 0.182977 0.0807432
-0.48 0.16 0.171063 0.103622
-0.48 0.2 0.157195 0.123651
-0.48 0.24 0.142128 0.140711
-0.48 0.28 0.126529 0.154889
-0.48 0.32 0.109046 0.163578
-0.48 0.36 0.0838519 0.153778
-0.48 0.4 0.0627937 0.141299
-0.48 0.44 0.0456466 0.127306
-0.48 0.48 0.032 0.112676
-0.48 0.52 0.0213674 0.0980284
-0.48 0.56 0.0132572 0.0837739
-0.48 0.6 0.00721317 0.0701637
-0.48 0.64 0.00283333 0.0573333
-0.48 0.68 -0.000224113 0.0453387
-0.48 0.72 -0.00224282 0.0341828
-0.48 0.76 -0.00345404 0.0238358
-0.48 0.8 -0.00404383 0.0142488
-0.48 0.84 -0.00416042 0.00536314
-0.48 0.88 -0.003921 -0.00288347
-0.48 0.92 -0.00341762 -0.0105527
-0.48 0.96 -0.00272222 -0.0177037
-0.48 1 -0.00189075 -0.0243913
-0.44 -1 -0.00840143 0.0254879
-0.44 -0.96 -0.00969092 0.0187147
-0.44 -0.92 -0.0109034 0.011432
-0.44 -0.88 -0.011989 0.00357025
-0.44 -0.84 -0.0128816 -0.00494781
-0.44 -0.8 -0.0134937 -0.0142074
-0.44 -0.76 -0.01371 -0.0243005
-0.44 -0.72 -0.0133801 -0.0353228
-0.44 -0.68 -0.0123085 -0.0473694
-0.44 -0.64 -0.0102434 -0.060526
-0.44 -0.6 -0.00686344 -0.0748552
-0.44 -0.56 -0.0017646 -0.0903755
-0.44 -0.52 0.00555212 -0.10703
-0.44 -0.48 0.0156867 -0.124639
-0.44 -0.44 0.0293333 -0.142843
-0.44 -0.4 0.0472486 -0.161017
-0.44 -0.36 0.070179 -0.178186
-0.44 -0.32 0.091107 -0.178044
-0.44 -0.28 0.109549 -0.167329
-0.44 -0.24 0.128215 -0.153496
-0.44 -0.2 0.146492 -0.136162
-0.44 -0.16 0.163556 -0.115106
-0.44 -0.12 0.178419 -0.0903705
-0.44 -0.08 0.190031 -0.0623541
-0.44 -0.04 0.197448 -0.0318502
-0.44 0 0.2 0
-0.44 0.04 0.197448 0.0318502
-0.44 0.08 0.190031 0.0623541
-0.44 0.12 0.178419 0.0903705
-0.44 0.16 0.163556 0.115106
-0.44 0.2 0.146492 0.136162
-0.44 0.24 0.128215 0.153496
-0.44 0.28 0.109549 0.167329
-0.44 0.32 0.091107 0.178044
-0.44 0.36 0.070179 0.178186
-0.44 0.4 0.0472486 0.161017
-0.44 0.44 0.0293333 0.142843
-0.44 0.48 0.0156867 0.124639
-0.44 0.52 0.00555212 0.10703
-0.44 0.56 -0.0017646 0.0903755
-0.44 0.6 -0.00686344 0.0748552
-0.44 0.64 -0.0102434 0.060526
-0.44 0.68 -0.0123085 0.0473694
-0.44 0.72 -0.0133801 0.0353228
-0.44 0.76 -0.01371 0.0243005
-0.44 0.8 -0.0134937 0.0142074
-0.44 0.84 -0.0128816 0.00494781
-0.44 0.88 -0.011989 -0.00357025
-0.44 0.92 -0.0109034 -0.011432
-0.44 0.96 -0.00969092 -0.0187147
-0.44 1 -0.00840143 -0.0254879
-0.4 -1 -0.0149505 0.0270313
-0.4 -0.96 -0.0167346 0.020234
-0.4 -0.92 -0.0185132 0.0128887
-0.4 -0.88 -0.0202465 0.00491205
-0.4 -0.84 -0.0218788 -0.00379206
-0.4 -0.8 -0.0233333 -0.0133333
-0.4 -0.76 -0.0245047 -0.0238358
-0.4 -0.72 -0.0252498 -0.0354372
-0.4 -0.68 -0.025375 -0.0482866
-0.4 -0.64 -0.024621 -0.0625389
-0.4 -0.6 -0.022643 -0.0783432
-0.4 -0.56 -0.0189871 -0.0958235
-0.4 -0.52 -0.0130647 -0.115046
-0.4 -0.48 -0.00412703 -0.135966
-0.4 -0.44 0.00875139 -0.158351
-0.4 -0.4 0.0266667 -0.181667
-0.4 -0.36 0.0481494 -0.194118
-0.4 -0.32 0.0683931 -0.187943
-0.4 -0.28 0.0896425 -0.178785
-0.4 -0.24 0.111522 -0.166021
-0.4 -0.2 0.133359 -0.149048
-0.4 -0.16 0.154152 -0.127426
-0.4 -0.12 0.172603 -0.101035
-0.4 -0.08 0.187254 -0.0702561
-0.4 -0.04 0.196721 -0.036066
-0.4 0 0.2 0
-0.4 0.04 0.196721 0.036066
-0.4 0.08 0.187254 0.0702561
-0.4 0.12 0.172603 0.101035
-0.4 0.16 0.154152 0.127426
-0.4 0.2 0.133359 0.149048
-0.4 0.24 0.111522 0.166021
-0.4 0.28 0.0896425 0.178785
-0.4 0.32 0.0683931 0.187943
-0.4 0.36 0.0481494 0.194118
-0.4 0.4 0.0266667 0.181667
-0.4 0.44 0.00875139 0.158351
-0.4 0.48 -0.00412703 0.135966
-0.4 0.52 -0.0130647 0.115046
-0.4 0.56 -0.0189871 0.0958235
-0.4 0.6 -0.022643 0.0783432
-0.4 0.64 -0.024621 0.0625389
-0.4 0.68 -0.025375 0.0482866
-0.4 0.72 -0.0252498 0.0354372
-0.4 0.76 -0.0245047 0.0238358
-0.4 0.8 -0.0233333 0.0133333
-0.4 0.84 -0.0218788 0.00379206
-0.4 0.88 -0.0202465 -0.00491205
-0.4 0.92 -0.0185132 -0.0128887
-0.4 0.96 -0.0167346 -0.020234
-0.4 1 -0.0149505 -0.0270313
-0.36 -1 -0.0214756 0.029049
-0.36 -0.96 -0.0237819 0.0222995
-0.36 -0.92 -0.0261657 0.0149748
-0.36 -0.88 -0.0286014 0.00697899
-0.36 -0.84 -0.0310491 -0.00180156
-0.36 -0.8 -0.0334499 -0.0115004
-0.36 -0.76 -0.0357176 -0.0222741
-0.36 -0.72 -0.0377284 -0.0343045
-0.36 -0.68 -0.0393065 -0.0478003
-0.36 -0.64 -0.0402047 -0.062996
-0.36 -0.6 -0.0400779 -0.0801461
-0.36 -0.56 -0.0384492 -0.0995119
-0.36 -0.52 -0.0346667 -0.121333
-0.36 -0.48 -0.0278519 -0.145778
-0.36 -0.44 -0.0168457 -0.172853
-0.36 -0.4 -0.000163066 -0.2
-0.36 -0.36 0.0204749 -0.198949
-0.36 -0.32 0.0426907 -0.195391
-0.36 -0.28 0.0664734 -0.18863
-0.36 -0.24 0.0915317 -0.177826
-0.36 -0.2 0.117183 -0.162075
-0.36 -0.16 0.142255 -0.140582
-0.36 -0.12 0.165072 -0.112921
-0.36 -0.08 0.183589 -0.0793409
-0.36 -0.04 0.195751 -0.0410058
-0.36 0 0.2 0
-0.36 0.04 0.195751 0.0410058
-0.36 0.08 0.183589 0.0793409
-0.36 0.12 0.165072 0.112921
-0.36 0.16 0.142255 0.140582
-0.36 0.2 0.117183 0.162075
-0.36 0.24 0.0915317 0.177826
-0.36 0.28 0.0664734 0.18863
-0.36 0.32 0.0426907 0.195391
-0.36 0.36 0.0204749 0.198949
-0.36 0.4 -0.000163066 0.2
-0.36 0.44 -0.0168457 0.172853
-0.36 0.48 -0.0278519 0.145778
-0.36 0.52 -0.0346667 0.121333
-0.36 0.56 -0.0384492 0.0995119
-0.36 0.6 -0.0400779 0.0801461
-0.36 0.64 -0.0402047 0.062996
-0.36 0.68 -0.0393065 0.0478003
-0.36 0.72 -0.0377284 0.0343045
-0.36 0.76 -0.0357176 0.0222741
-0.36 0.8 -0.0334499 0.0115004
-0.36 0.84 -0.0310491 0.00180156
-0.36 0.88 -0.0286014 -0.00697899
-0.36 0.92 -0.0261657 -0.0149748
-0.36 0.96 -0.0237819 -0.0222995
-0.36 1 -0.0214756 -0.029049
-0.32 -1 -0.0279061 0.0315583
-0.32 -0.96 -0.03075 0.0249375
-0.32 -0.92 -0.0337642 0.0177292
-0.32 -0.88 -0.0369409 0.00982727
-0.32 -0.84 -0.0402619 0.00110342
-0.32 -0.8 -0.0436934 -0.00859691
-0.32 -0.76 -0.0471788 -0.0194602
-0.32 -0.72 -0.0506279 -0.0317109
-0.32 -0.68 -0.053902 -0.0456178
-0.32 -0.64 -0.0567917 -0.0615
-0.32 -0.6 -0.0589858 -0.0797304
-0.32 -0.56 -0.0600276 -0.100734
-0.32 -0.52 -0.0592539 -0.124973
-0.32 -0.48 -0.055713 -0.152911
-0.32 -0.44 -0.0480604 -0.184935
-0.32 -0.4 -0.0307657 -0.19762
-0.32 -0.36 -0.00944463 -0.199777
-0.32 -0.32 0.0139921 -0.19951
-0.32 -0.28 0.0397229 -0.196016
-0.32 -0.24 0.0676397 -0.188215
-0.32 -0.2 0.0971618 -0.174813
-0.32 -0.16 0.127024 -0.154483
-0.32 -0.12 0.155127 -0.126236
-0.32 -0.08 0.178628 -0.0899565
-0.32 -0.04 0.194416 -0.0469297
-0.32 0 0.2 0
-0.32 0.04 0.194416 0.0469297
-0.32 0.08 0.178628 0.0899565
-0.32 0.12 0.155127 0.126236
-0.32 0.16 0.127024 0.154483
-0.32 0.2 0.0971618 0.174813
-0.32 0.24 0.0676397 0.188215
-0.32 0.28 0.0397229 0.196016
-0.32 0.32 0.0139921 0.19951
-0.32 0.36 -0.00944463 0.199777
-0.32 0.4 -0.0307657 0.19762
-0.32 0.44 -0.0480604 0.184935
-0.32 0.48 -0.055713 0.152911
-0.32 0.52 -0.0592539 0.124973
-0.32 0.56 -0.0600276 0.100734
-0.32 0.6 -0.0589858 0.0797304
-0.32 0.64 -0.0567917 0.0615
-0.32 0.68 -0.053902 0.0456178
-0.32 0.72 -0.0506279 0.0317109
-0.32 0.76 -0.0471788 0.0194602
-0.32 0.8 -0.0436934 0.00859691
-0.32 0.84 -0.0402619 -0.00110342
-0.32 0.88 -0.0369409 -0.00982727
-0.32 0.92 -0.0337642 -0.0177292
-0.32 0.96 -0.03075 -0.0249375
-0.32 1 -0.0279061 -0.0315583
-0.28 -1 -0.0341647 0.0345643
-0.28 -0.96 -0.0375467 0.02816
-0.28 -0.92 -0.0411985 0.0211738
-0.28 -0.88 -0.0451338 0.013493
-0.28 -0.84 -0.0493605 0.00497959
-0.28 -0.8 -0.0538776 -0.00453675
-0.28 -0.76 -0.0586683 -0.0152663
-0.28 -0.72 -0.063691 -0.0274695
-0.28 -0.68 -0.0688653 -0.0414692
-0.28 -0.64 -0.0740503 -0.0576648
-0.28 -0.6 -0.0790121 -0.0765486
-0.28 -0.56 -0.0833741 -0.0987211
-0.28 -0.52 -0.0865433 -0.124902
-0.28 -0.48 -0.0876002 -0.155925
-0.28 -0.44 -0.0808284 -0.182939
-0.28 -0.4 -0.062052 -0.19013
-0.28 -0.36 -0.0411244 -0.195726
-0.28 -0.32 -0.01753 -0.19923
-0.28 -0.28 0.00917435 -0.199789
-0.28 -0.24 0.0392039 -0.19612
-0.28 -0.2 0.0722815 -0.186482
-0.28 -0.16 0.107254 -0.168809
-0.28 -0.12 0.141682 -0.14116
-0.28 -0.08 0.171686 -0.102586
-0.28 -0.04 0.192505 -0.0542399
-0.28 0 0.2 0
-0.28 0.04 0.192505 0.0542399
-0.28 0.08 0.171686 0.102586
-0.28 0.12 0.141682 0.14116
-0.28 0.16 0.107254 0.168809
-0.28 0.2 0.0722815 0.186482
-0.28 0.24 0.0392039 0.19612
-0.28 0.28 0.00917435 0.199789
-0.28 0.32 -0.01753 0.19923
-0.28 0.36 -0.0411244 0.195726
-0.28 0.4 -0.062052 0.19013
-0.28 0.44 -0.0808284 0.182939
-0.28 0.48 -0.0876002 0.155925
-0.28 0.52 -0.0865433 0.124902
-0.28 0.56 -0.0833741 0.0987211
-0.28 0.6 -0.0790121 0.0765486
-0.28 0.64 -0.0740503 0.0576648
-0.28 0.68 -0.0688653 0.0414692
-0.28 0.72 -0.063691 0.0274695
-0.28 0.76 -0.0586683 0.0152663
-0.28 0.8 -0.0538776 0.00453675
-0.28 0.84 -0.0493605 -0.00497959
-0.28 0.88 -0.0451338 -0.013493
-0.28 0.92 -0.0411985 -0.0211738
-0.28 0.96 -0.0375467 -0.02816
-0.28 1 -0.0341647 -0.0345643
-0.24 -1 -0.0401696 0.0380574
-0.24 -0.96 -0.044073 0.031961
-0.24 -0.92 -0.0483486 0.0253086
-0.24 -0.88 -0.0530335 0.0179862
-0.24 -0.84 -0.0581664 0.00985204
-0.24 -0.8 -0.0637842 0.000728334
-0.24 -0.76 -0.0699194 -0.00960908
-0.24 -0.72 -0.0765926 -0.0214444
-0.24 -0.68 -0.0838028 -0.03514
-0.24 -0.64 -0.0915092 -0.0511596
-0.24 -0.6 -0.0996031 -0.0700982
-0.24 -0.56 -0.10786 -0.0927202
-0.24 -0.52 -0.115866 -0.120003
-0.24 -0.48 -0.122889 -0.153185
-0.24 -0.44 -0.110034 -0.16701
-0.24 -0.4 -0.0931107 -0.177004
-0.24 -0.36 -0.0737935 -0.185888
-0.24 -0.32 -0.0513843 -0.193286
-0.24 -0.28 -0.0251219 -0.198416
-0.24 -0.24 0.00568453 -0.199919
-0.24 -0.2 0.0413549 -0.195678
-0.24 -0.16 0.0812685 -0.182744
-0.24 -0.12 0.123009 -0.157699
-0.24 -0.08 0.161569 -0.117879
-0.24 -0.04 0.189623 -0.0635841
-0.24 0 0.2 0
-0.24 0.04 0.189623 0.0635841
-0.24 0.08 0.161569 0.117879
-0.24 0.12 0.123009 0.157699
-0.24 0.16 0.0812685 0.182744
-0.24 0.2 0.0413549 0.195678
-0.24 0.24 0.00568453 0.199919
-0.24 0.28 -0.0251219 0.198416
-0.24 0.32 -0.0513843 0.193286
-0.24 0.36 -0.0737935 0.185888
-0.24 0.4 -0.0931107 0.177004
-0.24 0.44 -0.110034 0.16701
-0.24 0.48 -0.122889 0.153185
-0.24 0.52 -0.115866 0.120003
-0.24 0.56 -0.10786 0.0927202
-0.24 0.6 -0.0996031 0.0700982
-0.24 0.64 -0.0915092 0.0511596
-0.24 0.68 -0.0838028 0.03514
-0.24 0.72 -0.0765926 0.0214444
-0.24 0.76 -0.0699194 0.00960908
-0.24 0.8 -0.0637842 -0.000728334
-0.24 0.84 -0.0581664 -0.00985204
-0.24 0.88 -0.0530335 -0.0179862
-0.24 0.92 -0.0483486 -0.0253086
-0.24 0.96 -0.044073 -0.031961
-0.24 1 -0.0401696 -0.0380574
-0.2 -1 -0.0458383 0.0420118
-0.2 -0.96 -0.0502278 0.0363146
-0.2 -0.92 -0.0550893 0.0301087
-0.2 -0.88 -0.0604853 0.0232852
-0.2 -0.84 -0.0664864 0.0157064
-0.2 -0.8 -0.0731719 0.00719723
-0.2 -0.76 -0.0806289 -0.00246675
-0.2 -0.72 -0.088951 -0.0135758
-0.2 -0.68 -0.0982331 -0.0265087
-0.2 -0.64 -0.108562 -0.0417632
-0.2 -0.6 -0.12 -0.06
-0.2 -0.56 -0.132548 -0.0821018
-0.2 -0.52 -0.146088 -0.109256
-0.2 -0.48 -0.149204 -0.133185
-0.2 -0.44 -0.136888 -0.145814
-0.2 -0.4 -0.122788 -0.15787
-0.2 -0.36 -0.106291 -0.169418
-0.2 -0.32 -0.0865693 -0.180294
-0.2 -0.28 -0.0625671 -0.189961
-0.2 -0.24 -0.0330352 -0.197253
-0.2 -0.2 0.0032516 -0.199974
-0.2 -0.16 0.046866 -0.194431
-0.2 -0.12 0.0963476 -0.175263
-0.2 -0.08 0.14607 -0.136615
-0.2 -0.04 0.184975 -0.076054
-0.2 0 0.2 0
-0.2 0.04 0.184975 0.076054
-0.2 0.08 0.14607 0.136615
-0.2 0.12 0.0963476 0.175263
-0.2 0.16 0.046866 0.194431
-0.2 0.2 0.0032516 0.199974
-0.2 0.24 -0.0330352 0.197253
-0.2 0.28 -0.0625671 0.189961
-0.2 0.32 -0.0865693 0.180294
-0.2 0.36 -0.106291 0.169418
-0.2 0.4 -0.122788 0.15787
-0.2 0.44 -0.136888 0.145814
-0.2 0.48 -0.149204 0.133185
-0.2 0.52 -0.146088 0.109256
-0.2 0.56 -0.132548 0.0821018
-0.2 0.6 -0.12 0.06
-0.2 0.64 -0.108562 0.0417632
-0.2 0.68 -0.0982331 0.0265087
-0.2 0.72 -0.088951 0.0135758
-0.2 0.76 -0.0806289 0.00246675
-0.2 0.8 -0.0731719 -0.00719723
-0.2 0.84 -0.0664864 -0.0157064
-0.2 0.88 -0.0604853 -0.0232852
-0.2 0.92 -0.0550893 -0.0301087
-0.2 0.96 -0.0502278 -0.0363146
-0.2 1 -0.0458383 -0.0420118
-0.16 -1 -0.0510909 0.046385
-0.16 -0.96 -0.0559117 0.0411731
-0.16 -0.92 -0.061297 0.0355218
-0.16 -0.88 -0.0673333 0.0293333
-0.16 -0.84 -0.0741235 0.022483
-0.16 -0.8 -0.081789 0.0148102
-0.16 -0.76 -0.0904738 0.00610621
-0.16 -0.72 -0.100348 -0.00390311
-0.16 -0.68 -0.111612 -0.0155822
-0.16 -0.64 -0.124498 -0.029421
-0.16 -0.6 -0.139268 -0.0460867
-0.16 -0.56 -0.156208 -0.0664996
-0.16 -0.52 -0.175601 -0.0919464
-0.16 -0.48 -0.169326 -0.106436
-0.16 -0.44 -0.160276 -0.119631
-0.16 -0.4 -0.149681 -0.132648
-0.16 -0.36 -0.136989 -0.145719
-0.16 -0.32 -0.121368 -0.158965
-0.16 -0.28 -0.101618 -0.172261
-0.16 -0.24 -0.076051 -0.184976
-0.16 -0.2 -0.0424431 -0.195445
-0.16 -0.16 0.00165188 -0.199993
-0.16 -0.12 0.0574401 -0.191574
-0.16 -0.08 0.120898 -0.159322
-0.16 -0.04 0.176752 -0.0935882
-0.16 0 0.2 0
-0.16 0.04 0.176752 0.0935882
-0.16 0.08 0.120898 0.159322
-0.16 0.12 0.0574401 0.191574
-0.16 0.16 0.00165188 0.199993
-0.16 0.2 -0.0424431 0.195445
-0.16 0.24 -0.076051 0.184976
-0.16 0.28 -0.101618 0.172261
-0.16 0.32 -0.121368 0.158965
-0.16 0.36 -0.136989 0.145719
-0.16 0.4 -0.149681 0.132648
-0.16 0.44 -0.160276 0.119631
-0.16 0.48 -0.169326 0.106436
-0.16 0.52 -0.175601 0.0919464
-0.16 0.56 -0.156208 0.0664996
-0.16 0.6 -0.139268 0.0460867
-0.16 0.64 -0.124498 0.029421
-0.16 0.68 -0.111612 0.0155822
-0.16 0.72 -0.100348 0.00390311
-0.16 0.76 -0.0904738 -0.00610621
-0.16 0.8 -0.081789 -0.0148102
-0.16 0.84 -0.0741235 -0.022483
-0.16 0.88 -0.0673333 -0.0293333
-0.16 0.92 -0.061297 -0.0355218
-0.16 0.96 -0.0559117 -0.0411731
-0.16 1 -0.0510909 -0.046385
-0.12 -1 -0.0558544 0.0511177
-0.12 -0.96 -0.0610335 0.0464677
-0.12 -0.92 -0.0668562 0.0414677
-0.12 -0.88 -0.0734308 0.0360375
-0.12 -0.84 -0.0808889 0.0300741
-0.12 -0.8 -0.089391 0.0234435
-0.12 -0.76 -0.0991342 0.0159698
-0.12 -0.72 -0.110362 0.00741888
-0.12 -0.68 -0.123375 -0.00252487
-0.12 -0.64 -0.138553 -0.0142931
-0.12 -0.6 -0.156366 -0.0284856
-0.12 -0.56 -0.177406 -0.0459504
-0.12 -0.52 -0.189613 -0.063615
-0.12 -0.48 -0.184794 -0.0764941
-0.12 -0.44 -0.179066 -0.08908
-0.12 -0.4 -0.17221 -0.101705
-0.12 -0.36 -0.163821 -0.114728
-0.12 -0.32 -0.153237 -0.128524
-0.12 -0.28 -0.13939 -0.143424
-0.12 -0.24 -0.120563 -0.159576
-0.12 -0.2 -0.0940032 -0.176532
-0.12 -0.16 -0.055455 -0.192158
-0.12 -0.12 0.000693593 -0.199999
-0.12 -0.08 0.0774666 -0.184388
-0.12 -0.04 0.160199 -0.119734
-0.12 0 0.2 0
-0.12 0.04 0.160199 0.119734
-0.12 0.08 0.0774666 0.184388
-0.12 0.12 0.000693593 0.199999
-0.12 0.16 -0.055455 0.192158
-0.12 0.2 -0.0940032 0.176532
-0.12 0.24 -0.120563 0.159576
-0.12 0.28 -0.13939 0.143424
-0.12 0.32 -0.153237 0.128524
-0.12 0.36 -0.163821 0.114728
-0.12 0.4 -0.17221 0.101705
-0.12 0.44 -0.179066 0.08908
-0.12 0.48 -0.184794 0.0764941
-0.12 0.52 -0.189613 0.063615
-0.12 0.56 -0.177406 0.0459504
-0.12 0.6 -0.156366 0.0284856
-0.12 0.64 -0.138553 0.0142931
-0.12 0.68 -0.123375 0.00252487
-0.12 0.72 -0.110362 -0.00741888
-0.12 0.76 -0.0991342 -0.0159698
-0.12 0.8 -0.089391 -0.0234435
-0.12 0.84 -0.0808889 -0.0300741
-0.12 0.88 -0.0734308 -0.0360375
-0.12 0.92 -0.0668562 -0.0414677
-0.12 0.96 -0.0610335 -0.0464677
-0.12 1 -0.0558544 -0.0511177
-0.08 -1 -0.0600669 0.0561352
-0.08 -0.96 -0.0655149 0.0521094
-0.08 -0.92 -0.0716672 0.0478399
-0.08 -0.88 -0.0786495 0.0432698
-0.08 -0.84 -0.0866163 0.0383255
-0.08 -0.8 -0.0957597 0.0329105
-0.08 -0.76 -0.10632 0.0268974
-0.08 -0.72 -0.118601 0.0201148
-0.08 -0.68 -0.132991 0.0123296
-0.08 -0.64 -0.149992 0.00321893
-0.08 -0.6 -0.170261 -0.00767262
-0.08 -0.56 -0.194667 -0.021
-0.08 -0.52 -0.197231 -0.0331626
-0.08 -0.48 -0.195028 -0.0443198
-0.08 -0.44 -0.192242 -0.055165
-0.08 -0.4 -0.188795 -0.0660031
-0.08 -0.36 -0.184494 -0.0772131
-0.08 -0.32 -0.178972 -0.0892702
-0.08 -0.28 -0.171571 -0.102778
-0.08 -0.24 -0.161114 -0.1185
-0.08 -0.2 -0.145405 -0.137322
-0.08 -0.16 -0.120165 -0.159876
-0.08 -0.12 -0.0768164 -0.18466
-0.08 -0.08 0.00020501 -0.2
-0.08 -0.04 0.120113 -0.159915
-0.08 0 0.2 0
-0.08 0.04 0.120113 0.159915
-0.08 0.08 0.00020501 0.2
-0.08 0.12 -0.0768164 0.18466
-0.08 0.16 -0.120165 0.159876
-0.08 0.2 -0.145405 0.137322
-0.08 0.24 -0.161114 0.1185
-0.08 0.28 -0.171571 0.102778
-0.08 0.32 -0.178972 0.0892702
-0.08 0.36 -0.184494 0.0772131
-0.08 0.4 -0.188795 0.0660031
-0.08 0.44 -0.192242 0.055165
-0.08 0.48 -0.195028 0.0443198
-0.08 0.52 -0.197231 0.0331626
-0.08 0.56 -0.194667 0.021
-0.08 0.6 -0.170261 0.00767262
-0.08 0.64 -0.149992 -0.00321893
-0.08 0.68 -0.132991 -0.0123296
-0.08 0.72 -0.118601 -0.0201148
-0.08 0.76 -0.10632 -0.0268974
-0.08 0.8 -0.0957597 -0.0329105
-0.08 0.84 -0.0866163 -0.0383255
-0.08 0.88 -0.0786495 -0.0432698
-0.08 0.92 -0.0716672 -0.0478399
-0.08 0.96 -0.0655149 -0.0521094
-0.08 1 -0.0600669 -0.0561352
-0.04 -1 -0.0636809 0.0613504
-0.04 -0.96 -0.0692956 0.0579927
-0.04 -0.92 -0.075653 0.05451
-0.04 -0.88 -0.0828897 0.0508727
-0.04 -0.84 -0.0911753 0.0470424
-0.04 -0.8 -0.100722 0.0429686
-0.04 -0.76 -0.111799 0.0385842
-0.04 -0.72 -0.12475 0.0337988
-0.04 -0.68 -0.140021 0.0284883
-0.04 -0.64 -0.158199 0.0224796
-0.04 -0.6 -0.180068 0.0155267
-0.04 -0.56 -0.199876 0.0070318
-0.04 -0.52 -0.199986 -0.00235337
-0.04 -0.48 -0.199693 -0.0110703
-0.04 -0.44 -0.19907 -0.0192664
-0.04 -0.4 -0.19815 -0.0271421
-0.04 -0.36 -0.19692 -0.0349617
-0.04 -0.32 -0.195305 -0.0430801
-0.04 -0.28 -0.193123 -0.0519947
-0.04 -0.24 -0.190001 -0.0624458
-0.04 -0.2 -0.185155 -0.0756153
-0.04 -0.16 -0.176784 -0.0935281
-0.04 -0.12 -0.160138 -0.119815
-0.04 -0.08 -0.12002 -0.159985
-0.04 -0.04 2.56033e-05 -0.2
-0.04 0 0.2 0
-0.04 0.04 2.56033e-05 0.2
-0.04 0.08 -0.12002 0.159985
-0.04 0.12 -0.160138 0.119815
-0.04 0.16 -0.176784 0.0935281
-0.04 0.2 -0.185155 0.0756153
-0.04 0.24 -0.190001 0.0624458
-0.04 0.28 -0.193123 0.0519947
-0.04 0.32 -0.195305 0.0430801
-0.04 0.36 -0.19692 0.0349617
-0.04 0.4 -0.19815 0.0271421
-0.04 0.44 -0.19907 0.0192664
-0.04 0.48 -0.199693 0.0110703
-0.04 0.52 -0.199986 0.00235337
-0.04 0.56 -0.199876 -0.0070318
-0.04 0.6 -0.180068 -0.0155267
-0.04 0.64 -0.158199 -0.0224796
-0.04 0.68 -0.140021 -0.0284883
-0.04 0.72 -0.12475 -0.0337988
-0.04 0.76 -0.111799 -0.0385842
-0.04 0.8 -0.100722 -0.0429686
-0.04 0.84 -0.0911753 -0.0470424
-0.04 0.88 -0.0828897 -0.0508727
-0.04 0.92 -0.075653 -0.05451
-0.04 0.96 -0.0692956 -0.0579927
-0.04 1 -0.0636809 -0.0613504
0 -1 -0.0666667 0.0666667
0 -0.96 -0.072338 0.064
0 -0.92 -0.078765 0.0613333
0 -0.88 -0.0860882 0.0586667
0 -0.84 -0.0944822 0.056
0 -0.8 -0.104167 0.0533333
0 -0.76 -0.11542 0.0506667
0 -0.72 -0.128601 0.048
0 -0.68 -0.144175 0.0453333
0 -0.64 -0.16276 0.0426667
0 -0.6 -0.185185 0.04
0 -0.56 -0.196985 0.0345938
0 -0.52 -0.198052 0.0278477
0 -0.48 -0.198788 0.0219844
0 -0.44 -0.199278 0.0169753
0 -0.4 -0.199592 0.0127739
0 -0.36 -0.199783 0.00932106
0 -0.32 -0.199893 0.00655008
0 -0.28 -0.199952 0.00438934
0 -0.24 -0.199981 0.00276454
0 -0.2 -0.199994 0.00159995
0 -0.16 -0.199998 0.000819193
0 -0.12 -0.2 0.000345599
0 -0.08 -0.2 0.0001024
0 -0.04 -0.2 1.28e-05
0 0 nan nan
0 0.04 -0.2 -1.28e-05
0 0.08 -0.2 -0.0001024
0 0.12 -0.2 -0.000345599
0 0.16 -0.199998 -0.000819193
0 0.2 -0.199994 -0.00159995
0 0.24 -0.199981 -0.00276454
0 0.28 -0.199952 -0.00438934
0 0.32 -0.199893 -0.00655008
0 0.36 -0.199783 -0.00932106
0 0.4 -0.199592 -0.0127739
0 0.44 -0.199278 -0.0169753
0 0.48 -0.198788 -0.0219844
0 0.52 -0.198052 -0.0278477
0 0.56 -0.196985 -0.0345938
0 0.6 -0.185185 -0.04
0 0.64 -0.16276 -0.0426667
0 0.68 -0.144175 -0.0453333
0 0.72 -0.128601 -0.048
0 0.76 -0.11542 -0.0506667
0 0.8 -0.104167 -0.0533333
0 0.84 -0.0944822 -0.056
0 0.88 -0.0860882 -0.0586667
0 0.92 -0.078765 -0.0613333
0 0.96 -0.072338 -0.064
0 1 -0.0666667 -0.0666667
0.04 -1 -0.0690142 0.071983
0.04 -0.96 -0.074629 0.0700073
0.04 -0.92 -0.0809864 0.0681566
0.04 -0.88 -0.088223 0.0664606
0.04 -0.84 -0.0965086 0.0649576
0.04 -0.8 -0.106055 0.0636981
0.04 -0.76 -0.117132 0.0627491
0.04 -0.72 -0.130083 0.0622012
0.04 -0.68 -0.145354 0.0621784
0.04 -0.64 -0.163532 0.0628537
0.04 -0.6 -0.185401 0.0644733
0.04 -0.56 -0.190603 0.0605856
0.04 -0.52 -0.191846 0.0565258
0.04 -0.48 -0.192686 0.0535922
0.04 -0.44 -0.193158 0.0518669
0.04 -0.4 -0.193269 0.0514502
0.04 -0.36 -0.192991 0.0524838
0.04 -0.32 -0.192236 0.0551856
0.04 -0.28 -0.190817 0.0599076
0.04 -0.24 -0.188358 0.0672406
0.04 -0.2 -0.184072 0.0782147
0.04 -0.16 -0.176157 0.0947027
0.04 -0.12 -0.159862 0.120184
0.04 -0.08 -0.11998 0.160015
0.04 -0.04 -2.55967e-05 0.2
0.04 0 0.2 -0
0.04 0.04 -2.55967e-05 -0.2
0.04 0.08 -0.11998 -0.160015
0.04 0.12 -0.159862 -0.120184
0.04 0.16 -0.176157 -0.0947027
0.04 0.2 -0.184072 -0.0782147
0.04 0.24 -0.188358 -0.0672406
0.04 0.28 -0.190817 -0.0599076
0.04 0.32 -0.192236 -0.0551856
0.04 0.36 -0.192991 -0.0524838
0.04 0.4 -0.193269 -0.0514502
0.04 0.44 -0.193158 -0.0518669
0.04 0.48 -0.192686 -0.0535922
0.04 0.52 -0.191846 -0.0565258
0.04 0.56 -0.190603 -0.0605856
0.04 0.6 -0.185401 -0.0644733
0.04 0.64 -0.163532 -0.0628537
0.04 0.68 -0.145354 -0.0621784
0.04 0.72 -0.130083 -0.0622012
0.04 0.76 -0.117132 -0.0627491
0.04 0.8 -0.106055 -0.0636981
0.04 0.84 -0.0965086 -0.0649576
0.04 0.88 -0.088223 -0.0664606
0.04 0.92 -0.0809864 -0.0681566
0.04 0.96 -0.074629 -0.0700073
0.04 1 -0.0690142 -0.071983
0.08 -1 -0.0707335 0.0771981
0.08 -0.96 -0.0761815 0.0758906
0.08 -0.92 -0.0823339 0.0748268
0.08 -0.88 -0.0893161 0.0740635
0.08 -0.84 -0.097283 0.0736745
0.08 -0.8 -0.106426 0.0737562
0.08 -0.76 -0.116987 0.074436
0.08 -0.72 -0.129267 0.0758852
0.08 -0.68 -0.143658 0.078337
0.08 -0.64 -0.160659 0.0821144
0.08 -0.6 -0.179982 0.0872146
0.08 -0.56 -0.181289 0.0844643
0.08 -0.52 -0.182008 0.0829032
0.08 -0.48 -0.182116 0.082667
0.08 -0.44 -0.181547 0.0839084
0.08 -0.4 -0.180176 0.0868133
0.08 -0.36 -0.177778 0.0916247
0.08 -0.32 -0.173965 0.0986723
0.08 -0.28 -0.168069 0.10841
0.08 -0.24 -0.158902 0.12145
0.08 -0.2 -0.144258 0.138527
0.08 -0.16 -0.119837 0.160122
0.08 -0.12 -0.0770291 0.184571
0.08 -0.08 -0.00020459 0.2
0.08 -0.04 0.119887 0.160084
0.08 0 0.2 -0
0.08 0.04 0.119887 -0.160084
0.08 0.08 -0.00020459 -0.2
0.08 0.12 -0.0770291 -0.184571
0.08 0.16 -0.119837 -0.160122
0.08 0.2 -0.144258 -0.138527
0.08 0.24 -0.158902 -0.12145
0.08 0.28 -0.168069 -0.10841
0.08 0.32 -0.173965 -0.0986723
0.08 0.36 -0.177778 -0.0916247
0.08 0.4 -0.180176 -0.0868133
0.08 0.44 -0.181547 -0.0839084
0.08 0.48 -0.182116 -0.082667
0.08 0.52 -0.182008 -0.0829032
0.08 0.56 -0.181289 -0.0844643
0.08 0.6 -0.179982 -0.0872146
0.08 0.64 -0.160659 -0.0821144
0.08 0.68 -0.143658 -0.078337
0.08 0.72 -0.129267 -0.0758852
0.08 0.76 -0.116987 -0.074436
0.08 0.8 -0.106426 -0.0737562
0.08 0.84 -0.097283 -0.0736745
0.08 0.88 -0.0893161 -0.0740635
0.08 0.92 -0.0823339 -0.0748268
0.08 0.96 -0.0761815 -0.0758906
0.08 1 -0.0707335 -0.0771981
0.12 -1 -0.0718544 0.0822156
0.12 -0.96 -0.0770335 0.0815323
0.12 -0.92 -0.0828562 0.081199
0.12 -0.88 -0.0894308 0.0812958
0.12 -0.84 -0.0968889 0.0819259
0.12 -0.8 -0.105391 0.0832232
0.12 -0.76 -0.115134 0.0853635
0.12 -0.72 -0.126362 0.0885811
0.12 -0.68 -0.139375 0.0931915
0.12 -0.64 -0.154553 0.0996264
0.12 -0.6 -0.169265 0.106534
0.12 -0.56 -0.169703 0.105835
0.12 -0.52 -0.169343 0.106409
0.12 -0.48 -0.168069 0.10841
0.12 -0.44 -0.165698 0.112001
0.12 -0.4 -0.161943 0.117365
0.12 -0.36 -0.156359 0.124707
0.12 -0.32 -0.148253 0.134242
0.12 -0.28 -0.136534 0.146145
0.12 -0.24 -0.119457 0.160406
0.12 -0.2 -0.0942292 0.176411
0.12 -0.16 -0.0565364 0.191843
0.12 -0.12 -0.000688815 0.199999
0.12 -0.08 0.0763796 0.184841
0.12 -0.04 0.1598 0.120266
0.12 0 0.2 -0
0.12 0.04 0.1598 -0.120266
0.12 0.08 0.0763796 -0.184841
0.12 0.12 -0.000688815 -0.199999
0.12 0.16 -0.0565364 -0.191843
0.12 0.2 -0.0942292 -0.176411
0.12 0.24 -0.119457 -0.160406
0.12 0.28 -0.136534 -0.146145
0.12 0.32 -0.148253 -0.134242
0.12 0.36 -0.156359 -0.124707
0.12 0.4 -0.161943 -0.117365
0.12 0.44 -0.165698 -0.112001
0.12 0.48 -0.168069 -0.10841
0.12 0.52 -0.169343 -0.106409
0.12 0.56 -0.169703 -0.105835
0.12 0.6 -0.169265 -0.106534
0.12 0.64 -0.154553 -0.0996264
0.12 0.68 -0.139375 -0.0931915
0.12 0.72 -0.126362 -0.0885811
0.12 0.76 -0.115134 -0.0853635
0.12 0.8 -0.105391 -0.0832232
0.12 0.84 -0.0968889 -0.0819259
0.12 0.88 -0.0894308 -0.0812958
0.12 0.92 -0.0828562 -0.081199
0.12 0.96 -0.0770335 -0.0815323
0.12 1 -0.0718544 -0.0822156
0.16 -1 -0.0724242 0.0869483
0.16 -0.96 -0.0772451 0.0868269
0.16 -0.92 -0.0826303 0.0871449
0.16 -0.88 -0.0886667 0.088
0.16 -0.84 -0.0954568 0.089517
0.16 -0.8 -0.103122 0.0918565
0.16 -0.76 -0.111807 0.0952271
0.16 -0.72 -0.121682 0.0999031
0.16 -0.68 -0.132946 0.106249
0.16 -0.64 -0.145831 0.114754
0.16 -0.6 -0.157311 0.123504
0.16 -0.56 -0.156546 0.124473
0.16 -0.52 -0.154733 0.126719
0.16 -0.48 -0.151668 0.130372
0.16 -0.44 -0.147057 0.135551
0.16 -0.4 -0.140481 0.142356
0.16 -0.36 -0.131333 0.150837
0.16 -0.32 -0.118742 0.160936
0.16 -0.28 -0.101464 0.172352
0.16 -0.24 -0.0777534 0.184267
0.16 -0.2 -0.045316 0.194799
0.16 -0.16 -0.00162503 0.199993
0.16 -0.12 0.0545648 0.192413
0.16 -0.08 0.119096 0.160674
0.16 -0.04 0.176186 0.0946498
0.16 0 0.2 -0
0.16 0.04 0.176186 -0.0946498
0.16 0.08 0.119096 -0.160674
0.16 0.12 0.0545648 -0.192413
0.16 0.16 -0.00162503 -0.199993
0.16 0.2 -0.045316 -0.194799
0.16 0.24 -0.0777534 -0.184267
0.16 0.28 -0.101464 -0.172352
0.16 0.32 -0.118742 -0.160936
0.16 0.36 -0.131333 -0.150837
0.16 0.4 -0.140481 -0.142356
0.16 0.44 -0.147057 -0.135551
0.16 0.48 -0.151668 -0.130372
0.16 0.52 -0.154733 -0.126719
0.16 0.56 -0.156546 -0.124473
0.16 0.6 -0.157311 -0.123504
0.16 0.64 -0.145831 -0.114754
0.16 0.68 -0.132946 -0.106249
0.16 0.72 -0.121682 -0.0999031
0.16 0.76 -0.111807 -0.0952271
0.16 0.8 -0.103122 -0.0918565
0.16 0.84 -0.0954568 -0.089517
0.16 0.88 -0.0886667 -0.088
0.16 0.92 -0.0826303 -0.0871449
0.16 0.96 -0.0772451 -0.0868269
0.16 1 -0.0724242 -0.0869483
0.2 -1 -0.0725049 0.0913215
0.2 -0.96 -0.0768944 0.0916854
0.2 -0.92 -0.081756 0.0925579
0.2 -0.88 -0.0871519 0.0940481
0.2 -0.84 -0.0931531 0.0962936
0.2 -0.8 -0.0998385 0.0994694
0.2 -0.76 -0.107296 0.1038
0.2 -0.72 -0.115618 0.109576
0.2 -0.68 -0.1249 0.117175
0.2 -0.64 -0.135229 0.127097
0.2 -0.6 -0.144671 0.138095
0.2 -0.56 -0.142512 0.140322
0.2 -0.52 -0.139054 0.14375
0.2 -0.48 -0.134023 0.148452
0.2 -0.44 -0.127049 0.154462
0.2 -0.4 -0.117634 0.161747
0.2 -0.36 -0.105111 0.170152
0.2 -0.32 -0.0886003 0.179304
0.2 -0.28 -0.0669815 0.18845
0.2 -0.24 -0.0389313 0.196174
0.2 -0.2 -0.00314922 0.199975
0.2 -0.16 0.0409722 0.195758
0.2 -0.12 0.0918755 0.177648
0.2 -0.08 0.143563 0.139247
0.2 -0.04 0.184246 0.0778027
0.2 0 0.2 -0
0.2 0.04 0.184246 -0.0778027
0.2 0.08 0.143563 -0.139247
0.2 0.12 0.0918755 -0.177648
0.2 0.16 0.0409722 -0.195758
0.2 0.2 -0.00314922 -0.199975
0.2 0.24 -0.0389313 -0.196174
0.2 0.28 -0.0669815 -0.18845
0.2 0.32 -0.0886003 -0.179304
0.2 0.36 -0.105111 -0.170152
0.2 0.4 -0.117634 -0.161747
0.2 0.44 -0.127049 -0.154462
0.2 0.48 -0.134023 -0.148452
0.2 0.52 -0.139054 -0.14375
0.2 0.56 -0.142512 -0.140322
0.2 0.6 -0.144671 -0.138095
0.2 0.64 -0.135229 -0.127097
0.2 0.68 -0.1249 -0.117175
0.2 0.72 -0.115618 -0.109576
0.2 0.76 -0.107296 -0.1038
0.2 0.8 -0.0998385 -0.0994694
0.2 0.84 -0.0931531 -0.0962936
0.2 0.88 -0.0871519 -0.0940481
0.2 0.92 -0.081756 -0.0925579
0.2 0.96 -0.0768944 -0.0916854
0.2 1 -0.0725049 -0.0913215
0.24 -1 -0.0721696 0.095276
0.24 -0.96 -0.076073 0.096039
0.24 -0.92 -0.0803486 0.0973581
0.24 -0.88 -0.0850335 0.0993471
0.24 -0.84 -0.0901664 0.102148
0.24 -0.8 -0.0957842 0.105938
0.24 -0.76 -0.101919 0.110942
0.24 -0.72 -0.108593 0.117444
0.24 -0.68 -0.115803 0.125807
0.24 -0.64 -0.123509 0.136493
0.24 -0.6 -0.131603 0.150098
0.24 -0.56 -0.128238 0.153477
0.24 -0.52 -0.123101 0.157626
0.24 -0.48 -0.116127 0.162833
0.24 -0.44 -0.106909 0.169028
0.24 -0.4 -0.094937 0.176031
0.24 -0.36 -0.0795745 0.183488
0.24 -0.32 -0.0600673 0.190767
0.24 -0.28 -0.0355874 0.196808
0.24 -0.24 -0.00537888 0.199928
0.24 -0.2 0.0309072 0.197597
0.24 -0.16 0.072575 0.186368
0.24 -0.12 0.116927 0.162259
0.24 -0.08 0.158373 0.122139
0.24 -0.04 0.188735 0.0661755
0.24 0 0.2 -0
0.24 0.04 0.188735 -0.0661755
0.24 0.08 0.158373 -0.122139
0.24 0.12 0.116927 -0.162259
0.24 0.16 0.072575 -0.186368
0.24 0.2 0.0309072 -0.197597
0.24 0.24 -0.00537888 -0.199928
0.24 0.28 -0.0355874 -0.196808
0.24 0.32 -0.0600673 -0.190767
0.24 0.36 -0.0795745 -0.183488
0.24 0.4 -0.094937 -0.176031
0.24 0.44 -0.106909 -0.169028
0.24 0.48 -0.116127 -0.162833
0.24 0.52 -0.123101 -0.157626
0.24 0.56 -0.128238 -0.153477
0.24 0.6 -0.131603 -0.150098
0.24 0.64 -0.123509 -0.136493
0.24 0.68 -0.115803 -0.125807
0.24 0.72 -0.108593 -0.117444
0.24 0.76 -0.101919 -0.110942
0.24 0.8 -0.0957842 -0.105938
0.24 0.84 -0.0901664 -0.102148
0.24 0.88 -0.0850335 -0.0993471
0.24 0.92 -0.0803486 -0.0973581
0.24 0.96 -0.076073 -0.096039
0.24 1 -0.0721696 -0.095276
0.28 -1 -0.071498 0.098769
0.28 -0.96 -0.07488 0.09984
0.28 -0.92 -0.0785319 0.101493
0.28 -0.88 -0.0824671 0.10384
0.28 -0.84 -0.0866939 0.10702
0.28 -0.8 -0.0912109 0.111203
0.28 -0.76 -0.0960016 0.1166
0.28 -0.72 -0.101024 0.12347
0.28 -0.68 -0.106199 0.132136
0.28 -0.64 -0.111384 0.142998
0.28 -0.6 -0.116345 0.156549
0.28 -0.56 -0.11427 0.164141
0.28 -0.52 -0.107543 0.168625
0.28 -0.48 -0.0987878 0.173899
0.28 -0.44 -0.0876019 0.179794
0.28 -0.4 -0.0735107 0.186
0.28 -0.36 -0.0559765 0.192007
0.28 -0.32 -0.034438 0.197013
0.28 -0.28 -0.00840407 0.199823
0.28 -0.24 0.0223614 0.198746
0.28 -0.2 0.0575211 0.19155
0.28 -0.16 0.0957035 0.175616
0.28 -0.12 0.134008 0.148465
0.28 -0.08 0.167816 0.108802
0.28 -0.04 0.191457 0.0578292
0.28 0 0.2 -0
0.28 0.04 0.191457 -0.0578292
0.28 0.08 0.167816 -0.108802
0.28 0.12 0.134008 -0.148465
0.28 0.16 0.0957035 -0.175616
0.28 0.2 0.0575211 -0.19155
0.28 0.24 0.0223614 -0.198746
0.28 0.28 -0.00840407 -0.199823
0.28 0.32 -0.034438 -0.197013
0.28 0.36 -0.0559765 -0.192007
0.28 0.4 -0.0735107 -0.186
0.28 0.44 -0.0876019 -0.179794
0.28 0.48 -0.0987878 -0.173899
0.28 0.52 -0.107543 -0.168625
0.28 0.56 -0.11427 -0.164141
0.28 0.6 -0.116345 -0.156549
0.28 0.64 -0.111384 -0.142998
0.28 0.68 -0.106199 -0.132136
0.28 0.72 -0.101024 -0.12347
0.28 0.76 -0.0960016 -0.1166
0.28 0.8 -0.0912109 -0.111203
0.28 0.84 -0.0866939 -0.10702
0.28 0.88 -0.0824671 -0.10384
0.28 0.92 -0.0785319 -0.101493
0.28 0.96 -0.07488 -0.09984
0.28 1 -0.071498 -0.098769
0.32 -1 -0.0705728 0.101775
0.32 -0.96 -0.0734167 0.103063
0.32 -0.92 -0.0764309 0.104937
0.32 -0.88 -0.0796076 0.107506
0.32 -0.84 -0.0829286 0.110897
0.32 -0.8 -0.0863601 0.115264
0.32 -0.76 -0.0898454 0.120794
0.32 -0.72 -0.0932946 0.127711
0.32 -0.68 -0.0965687 0.136284
0.32 -0.64 -0.0994583 0.146833
0.32 -0.6 -0.101652 0.15973
0.32 -0.56 -0.101051 0.172594
0.32 -0.52 -0.0929024 0.177113
0.32 -0.48 -0.08261 0.182142
0.32 -0.44 -0.0698039 0.187423
0.32 -0.4 -0.0540781 0.19255
0.32 -0.36 -0.0350211 0.19691
0.32 -0.32 -0.0122778 0.199623
0.32 -0.28 0.0143399 0.199485
0.32 -0.24 0.0446752 0.194946
0.32 -0.2 0.077977 0.184173
0.32 -0.16 0.112615 0.165281
0.32 -0.12 0.145882 0.136816
0.32 -0.08 0.174091 0.0984503
0.32 -0.04 0.19321 0.0516726
0.32 0 0.2 -0
0.32 0.04 0.19321 -0.0516726
0.32 0.08 0.174091 -0.0984503
0.32 0.12 0.145882 -0.136816
0.32 0.16 0.112615 -0.165281
0.32 0.2 0.077977 -0.184173
0.32 0.24 0.0446752 -0.194946
0.32 0.28 0.0143399 -0.199485
0.32 0.32 -0.0122778 -0.199623
0.32 0.36 -0.0350211 -0.19691
0.32 0.4 -0.0540781 -0.19255
0.32 0.44 -0.0698039 -0.187423
0.32 0.48 -0.08261 -0.182142
0.32 0.52 -0.0929024 -0.177113
0.32 0.56 -0.101051 -0.172594
0.32 0.6 -0.101652 -0.15973
0.32 0.64 -0.0994583 -0.146833
0.32 0.68 -0.0965687 -0.136284
0.32 0.72 -0.0932946 -0.127711
0.32 0.76 -0.0898454 -0.120794
0.32 0.8 -0.0863601 -0.115264
0.32 0.84 -0.0829286 -0.110897
0.32 0.88 -0.0796076 -0.107506
0.32 0.92 -0.0764309 -0.104937
0.32 0.96 -0.0734167 -0.103063
0.32 1 -0.0705728 -0.101775
0.36 -1 -0.0694756 0.104284
0.36 -0.96 -0.0717819 0.105701
0.36 -0.92 -0.0741657 0.107692
0.36 -0.88 -0.0766014 0.110354
0.36 -0.84 -0.0790491 0.113802
0.36 -0.8 -0.0814499 0.118167
0.36 -0.76 -0.0837176 0.123607
0.36 -0.72 -0.0857284 0.130305
0.36 -0.68 -0.0873065 0.138467
0.36 -0.64 -0.0882047 0.148329
0.36 -0.6 -0.0880779 0.160146
0.36 -0.56 -0.0864492 0.174179
0.36 -0.52 -0.0795575 0.183496
0.36 -0.48 -0.0680072 0.188082
0.36 -0.44 -0.0539416 0.192588
0.36 -0.4 -0.0370363 0.196541
0.36 -0.36 -0.0170078 0.199276
0.36 -0.32 0.0063156 0.1999
0.36 -0.28 0.0328852 0.197278
0.36 -0.24 0.0622826 0.190055
0.36 -0.2 0.0935443 0.176775
0.36 -0.16 0.125007 0.156119
0.36 -0.12 0.15427 0.127282
0.36 -0.08 0.178387 0.090432
0.36 -0.04 0.194384 0.0470605
0.36 0 0.2 -0
0.36 0.04 0.194384 -0.0470605
0.36 0.08 0.178387 -0.090432
0.36 0.12 0.15427 -0.127282
0.36 0.16 0.125007 -0.156119
0.36 0.2 0.0935443 -0.176775
0.36 0.24 0.0622826 -0.190055
0.36 0.28 0.0328852 -0.197278
0.36 0.32 0.0063156 -0.1999
0.36 0.36 -0.0170078 -0.199276
0.36 0.4 -0.0370363 -0.196541
0.36 0.44 -0.0539416 -0.192588
0.36 0.48 -0.0680072 -0.188082
0.36 0.52 -0.0795575 -0.183496
0.36 0.56 -0.0864492 -0.174179
0.36 0.6 -0.0880779 -0.160146
0.36 0.64 -0.0882047 -0.148329
0.36 0.68 -0.0873065 -0.138467
0.36 0.72 -0.0857284 -0.130305
0.36 0.76 -0.0837176 -0.123607
0.36 0.8 -0.0814499 -0.118167
0.36 0.84 -0.0790491 -0.113802
0.36 0.88 -0.0766014 -0.110354
0.36 0.92 -0.0741657 -0.107692
0.36 0.96 -0.0717819 -0.105701
0.36 1 -0.0694756 -0.104284
0.4 -1 -0.0682838 0.106302
0.4 -0.96 -0.0700679 0.107766
0.4 -0.92 -0.0718465 0.109778
0.4 -0.88 -0.0735798 0.112421
0.4 -0.84 -0.0752121 0.115792
0.4 -0.8 -0.0766667 0.12
0.4 -0.76 -0.0778381 0.125169
0.4 -0.72 -0.0785831 0.131437
0.4 -0.68 -0.0787084 0.138953
0.4 -0.64 -0.0779544 0.147872
0.4 -0.6 -0.0759763 0.158343
0.4 -0.56 -0.0723204 0.17049
0.4 -0.52 -0.066398 0.184379
0.4 -0.48 -0.0552351 0.192221
0.4 -0.44 -0.0402457 0.195909
0.4 -0.4 -0.0225503 0.198725
0.4 -0.36 -0.00197812 0.19999
0.4 -0.32 0.021497 0.198841
0.4 -0.28 0.0476591 0.194239
0.4 -0.24 0.0759336 0.185025
0.4 -0.2 0.105271 0.170053
0.4 -0.16 0.134076 0.148404
0.4 -0.12 0.160245 0.119673
0.4 -0.08 0.181381 0.0842673
0.4 -0.04 0.195191 0.0435946
0.4 0 0.2 -0
0.4 0.04 0.195191 -0.0435946
0.4 0.08 0.181381 -0.0842673
0.4 0.12 0.160245 -0.119673
0.4 0.16 0.134076 -0.148404
0.4 0.2 0.105271 -0.170053
0.4 0.24 0.0759336 -0.185025
0.4 0.28 0.0476591 -0.194239
0.4 0.32 0.021497 -0.198841
0.4 0.36 -0.00197812 -0.19999
0.4 0.4 -0.0225503 -0.198725
0.4 0.44 -0.0402457 -0.195909
0.4 0.48 -0.0552351 -0.192221
0.4 0.52 -0.066398 -0.184379
0.4 0.56 -0.0723204 -0.17049
0.4 0.6 -0.0759763 -0.158343
0.4 0.64 -0.0779544 -0.147872
0.4 0.68 -0.0787084 -0.138953
0.4 0.72 -0.0785831 -0.131437
0.4 0.76 -0.0778381 -0.125169
0.4 0.8 -0.0766667 -0.12
0.4 0.84 -0.0752121 -0.115792
0.4 0.88 -0.0735798 -0.112421
0.4 0.92 -0.0718465 -0.109778
0.4 0.96 -0.0700679 -0.107766
0.4 1 -0.0682838 -0.106302
0.44 -1 -0.0670681 0.107845
0.44 -0.96 -0.0683576 0.109285
0.44 -0.92 -0.06957 0.111235
0.44 -0.88 -0.0706556 0.113763
0.44 -0.84 -0.0715483 0.116948
0.44 -0.8 -0.0721603 0.120874
0.44 -0.76 -0.0723767 0.125634
0.44 -0.72 -0.0720468 0.131323
0.44 -0.68 -0.0709752 0.138036
0.44 -0.64 -0.0689101 0.145859
0.44 -0.6 -0.0655301 0.154855
0.44 -0.56 -0.0604313 0.165042
0.44 -0.52 -0.0531145 0.176363
0.44 -0.48 -0.0429799 0.188639
0.44 -0.44 -0.0288099 0.197914
0.44 -0.4 -0.0106385 0.199717
0.44 -0.36 0.0101664 0.199741
0.44 -0.32 0.0335257 0.19717
0.44 -0.28 0.0591161 0.191064
0.44 -0.24 0.0862805 0.180432
0.44 -0.2 0.113954 0.164361
0.44 -0.16 0.140639 0.142199
0.44 -0.12 0.164482 0.113779
0.44 -0.08 0.183469 0.0796186
0.44 -0.04 0.195748 0.041023
0.44 0 0.2 -0
0.44 0.04 0.195748 -0.041023
0.44 0.08 0.183469 -0.0796186
0.44 0.12 0.164482 -0.113779
0.44 0.16 0.140639 -0.142199
0.44 0.2 0.113954 -0.164361
0.44 0.24 0.0862805 -0.180432
0.44 0.28 0.0591161 -0.191064
0.44 0.32 0.0335257 -0.19717
0.44 0.36 0.0101664 -0.199741
0.44 0.4 -0.0106385 -0.199717
0.44 0.44 -0.0288099 -0.197914
0.44 0.48 -0.0429799 -0.188639
0.44 0.52 -0.0531145 -0.176363
0.44 0.56 -0.0604313 -0.165042
0.44 0.6 -0.0655301 -0.154855
0.44 0.64 -0.0689101 -0.145859
0.44 0.68 -0.0709752 -0.138036
0.44 0.72 -0.0720468 -0.131323
0.44 0.76 -0.0723767 -0.125634
0.44 0.8 -0.0721603 -0.120874
0.44 0.84 -0.0715483 -0.116948
0.44 0.88 -0.0706556 -0.113763
0.44 0.92 -0.06957 -0.111235
0.44 0.96 -0.0683576 -0.109285
0.44 1 -0.0670681 -0.107845
0.48 -1 -0.0658907 0.108942
0.48 -0.96 -0.0667222 0.110296
0.48 -0.92 -0.0674176 0.112114
0.48 -0.88 -0.067921 0.11445
0.48 -0.84 -0.0681604 0.117363
0.48 -0.8 -0.0680438 0.120916
0.48 -0.76 -0.067454 0.125169
0.48 -0.72 -0.0662428 0.130183
0.48 -0.68 -0.0642241 0.136005
0.48 -0.64 -0.0611667 0.142667
0.48 -0.6 -0.0567868 0.150164
0.48 -0.56 -0.0507428 0.158441
0.48 -0.52 -0.0426326 0.167362
0.48 -0.48 -0.032 0.176676
0.48 -0.44 -0.0183534 0.185973
0.48 -0.4 -0.00120631 0.194632
0.48 -0.36 0.0195824 0.199039
0.48 -0.32 0.0426764 0.195394
0.48 -0.28 0.0676584 0.188208
0.48 -0.24 0.0938374 0.17662
0.48 -0.2 0.120167 0.159875
0.48 -0.16 0.145246 0.13749
0.48 -0.12 0.167407 0.10943
0.48 -0.08 0.184891 0.0762571
0.48 -0.04 0.196124 0.0391861
0.48 0 0.2 -0
0.48 0.04 0.196124 -0.0391861
0.48 0.08 0.184891 -0.0762571
0.48 0.12 0.167407 -0.10943
0.48 0.16 0.145246 -0.13749
0.48 0.2 0.120167 -0.159875
0.48 0.24 0.0938374 -0.17662
0.48 0.28 0.0676584 -0.188208
0.48 0.32 0.0426764 -0.195394
0.48 0.36 0.0195824 -0.199039
0.48 0.4 -0.00120631 -0.194632
0.48 0.44 -0.0183534 -0.185973
0.48 0.48 -0.032 -0.176676
0.48 0.52 -0.0426326 -0.167362
0.48 0.56 -0.0507428 -0.158441
0.48 0.6 -0.0567868 -0.150164
0.48 0.64 -0.0611667 -0.142667
0.48 0.68 -0.0642241 -0.136005
0.48 0.72 -0.0662428 -0.130183
0.48 0.76 -0.067454 -0.125169
0.48 0.8 -0.0680438 -0.120916
0.48 0.84 -0.0681604 -0.117363
0.48 0.88 -0.067921 -0.11445
0.48 0.92 -0.0674176 -0.112114
0.48 0.96 -0.0667222 -0.110296
0.48 1 -0.0658907 -0.108942
0.52 -1 -0.0648045 0.109626
0.52 -0.96 -0.0652208 0.110845
0.52 -0.92 -0.0654546 0.112475
0.52 -0.88 -0.065447 0.11456
0.52 -0.84 -0.0651244 0.117139
0.52 -0.8 -0.0643954 0.120255
0.52 -0.76 -0.0631466 0.123943
0.52 -0.72 -0.0612388 0.128231
0.52 -0.68 -0.058503 0.13313
0.52 -0.64 -0.0547359 0.13863
0.52 -0.6 -0.0496975 0.144679
0.52 -0.56 -0.043111 0.151176
0.52 -0.52 -0.0346667 0.157941
0.52 -0.48 -0.0240341 0.164695
0.52 -0.44 -0.0108855 0.17103
0.52 -0.4 0.00506468 0.176379
0.52 -0.36 0.024 0.18
0.52 -0.32 0.0459206 0.180973
0.52 -0.28 0.0705433 0.178235
0.52 -0.24 0.0971993 0.17067
0.52 -0.2 0.1243 0.156683
0.52 -0.16 0.14825 0.134246
0.52 -0.12 0.169281 0.106509
0.52 -0.08 0.185791 0.0740395
0.52 -0.04 0.196359 0.0379877
0.52 0 0.2 -0
0.52 0.04 0.196359 -0.0379877
0.52 0.08 0.185791 -0.0740395
0.52 0.12 0.169281 -0.106509
0.52 0.16 0.14825 -0.134246
0.52 0.2 0.1243 -0.156683
0.52 0.24 0.0971993 -0.17067
0.52 0.28 0.0705433 -0.178235
0.52 0.32 0.0459206 -0.180973
0.52 0.36 0.024 -0.18
0.52 0.4 0.00506468 -0.176379
0.52 0.44 -0.0108855 -0.17103
0.52 0.48 -0.0240341 -0.164695
0.52 0.52 -0.0346667 -0.157941
0.52 0.56 -0.043111 -0.151176
0.52 0.6 -0.0496975 -0.144679
0.52 0.64 -0.0547359 -0.13863
0.52 0.68 -0.058503 -0.13313
0.52 0.72 -0.0612388 -0.128231
0.52 0.76 -0.0631466 -0.123943
0.52 0.8 -0.0643954 -0.120255
0.52 0.84 -0.0651244 -0.117139
0.52 0.88 -0.065447 -0.11456
0.52 0.92 -0.0654546 -0.112475
0.52 0.96 -0.0652208 -0.110845
0.52 1 -0.0648045 -0.109626
0.56 -1 -0.0638525 0.109938
0.56 -0.96 -0.0639 0.110981
0.56 -0.92 -0.0637305 0.112384
0.56 -0.88 -0.0632849 0.114174
0.56 -0.84 -0.0624913 0.116379
0.56 -0.8 -0.0612624 0.119021
0.56 -0.76 -0.059493 0.122115
0.56 -0.72 -0.0570572 0.125663
0.56 -0.68 -0.0538069 0.12965
0.56 -0.64 -0.04957 0.134034
0.56 -0.6 -0.0441508 0.138736
0.56 -0.56 -0.0373333 0.143626
0.56 -0.52 -0.028889 0.148509
0.56 -0.48 -0.0185905 0.153107
0.56 -0.44 -0.0062354 0.157042
0.56 -0.4 0.00832043 0.159823
0.56 -0.36 0.0251159 0.160845
0.56 -0.32 0.0440276 0.1594
0.56 -0.28 0.0647075 0.154721
0.56 -0.24 0.0865272 0.146054
0.56 -0.2 0.108548 0.132769
0.56 -0.16 0.129541 0.1145
0.56 -0.12 0.148072 0.0912838
0.56 -0.08 0.162667 0.0636667
0.56 -0.04 0.172025 0.0327284
0.56 0 0.175252 -0
0.56 0.04 0.172025 -0.0327284
0.56 0.08 0.162667 -0.0636667
0.56 0.12 0.148072 -0.0912838
0.56 0.16 0.129541 -0.1145
0.56 0.2 0.108548 -0.132769
0.56 0.24 0.0865272 -0.146054
0.56 0.28 0.0647075 -0.154721
0.56 0.32 0.0440276 -0.1594
0.56 0.36 0.0251159 -0.160845
0.56 0.4 0.00832043 -0.159823
0.56 0.44 -0.0062354 -0.157042
0.56 0.48 -0.0185905 -0.153107
0.56 0.52 -0.028889 -0.148509
0.56 0.56 -0.0373333 -0.143626
0.56 0.6 -0.0441508 -0.138736
0.56 0.64 -0.04957 -0.134034
0.56 0.68 -0.0538069 -0.12965
0.56 0.72 -0.0570572 -0.125663
0.56 0.76 -0.059493 -0.122115
0.56 0.8 -0.0612624 -0.119021
0.56 0.84 -0.0624913 -0.116379
0.56 0.88 -0.0632849 -0.114174
0.56 0.92 -0.0637305 -0.112384
0.56 0.96 -0.0639 -0.110981
0.56 1 -0.0638525 -0.109938
0.6 -1 -0.0630681 0.109919
0.6 -0.96 -0.0627945 0.110758
0.6 -0.92 -0.0622802 0.111904
0.6 -0.88 -0.0614682 0.113373
0.6 -0.84 -0.0602906 0.115181
0.6 -0.8 -0.0586667 0.117333
0.6 -0.76 -0.0565018 0.119829
0.6 -0.72 -0.0536861 0.122651
0.6 -0.68 -0.0500935 0.125766
0.6 -0.64 -0.0455829 0.129112
0.6 -0.6 -0.04 0.132593
0.6 -0.56 -0.0331825 0.136069
0.6 -0.52 -0.0249691 0.139346
0.6 -0.48 -0.0152132 0.142164
0.6 -0.44 -0.00380322 0.144188
0.6 -0.4 0.00930966 0.14501
0.6 -0.36 0.0240779 0.144146
0.6 -0.32 0.0403191 0.141064
0.6 -0.28 0.0576788 0.135215
0.6 -0.24 0.0756031 0.126098
0.6 -0.2 0.0933333 0.113333
0.6 -0.16 0.109934 0.0967533
0.6 -0.12 0.124366 0.0764856
0.6 -0.08 0.135594 0.053006
0.6 -0.04 0.142734 0.02714
0.6 0 0.145185 -0
0.6 0.04 0.142734 -0.02714
0.6 0.08 0.135594 -0.053006
0.6 0.12 0.124366 -0.0764856
0.6 0.16 0.109934 -0.0967533
0.6 0.2 0.0933333 -0.113333
0.6 0.24 0.0756031 -0.126098
0.6 0.28 0.0576788 -0.135215
0.6 0.32 0.0403191 -0.141064
0.6 0.36 0.0240779 -0.144146
0.6 0.4 0.00930966 -0.14501
0.6 0.44 -0.00380322 -0.144188
0.6 0.48 -0.0152132 -0.142164
0.6 0.52 -0.0249691 -0.139346
0.6 0.56 -0.0331825 -0.136069
0.6 0.6 -0.04 -0.132593
0.6 0.64 -0.0455829 -0.129112
0.6 0.68 -0.0500935 -0.125766
0.6 0.72 -0.0536861 -0.122651
0.6 0.76 -0.0565018 -0.119829
0.6 0.8 -0.0586667 -0.117333
0.6 0.84 -0.0602906 -0.115181
0.6 0.88 -0.0614682 -0.113373
0.6 0.92 -0.0622802 -0.111904
0.6 0.96 -0.0627945 -0.110758
0.6 1 -0.0630681 -0.109919
0.64 -1 -0.0624757 0.109613
0.64 -0.96 -0.0619283 0.110228
0.64 -0.92 -0.0611258 0.111099
0.64 -0.88 -0.0600151 0.112234
0.64 -0.84 -0.0585337 0.113636
0.64 -0.8 -0.0566093 0.1153
0.64 -0.76 -0.054159 0.117213
0.64 -0.72 -0.0510892 0.119344
0.64 -0.68 -0.0472959 0.121646
0.64 -0.64 -0.0426667 0.124047
0.64 -0.6 -0.0370838 0.126445
0.64 -0.56 -0.03043 0.1287
0.64 -0.52 -0.0225975 0.13063
0.64 -0.48 -0.0135 0.132
0.64 -0.44 -0.00308994 0.132526
0.64 -0.4 0.00862105 0.131872
0.64 -0.36 0.0215381 0.129663
0.64 -0.32 0.0354583 0.1255
0.64 -0.28 0.0500503 0.118998
0.64 -0.24 0.0648426 0.109826
0.64 -0.2 0.079229 0.0977632
0.64 -0.16 0.0924977 0.0827543
0.64 -0.12 0.103886 0.0649598
0.64 -0.08 0.112659 0.0447811
0.64 -0.04 0.118199 0.0228537
0.64 0 0.120094 -0
0.64 0.04 0.118199 -0.0228537
0.64 0.08 0.112659 -0.0447811
0.64 0.12 0.103886 -0.0649598
0.64 0.16 0.0924977 -0.0827543
0.64 0.2 0.079229 -0.0977632
0.64 0.24 0.0648426 -0.109826
0.64 0.28 0.0500503 -0.118998
0.64 0.32 0.0354583 -0.1255
0.64 0.36 0.0215381 -0.129663
0.64 0.4 0.00862105 -0.131872
0.64 0.44 -0.00308994 -0.132526
0.64 0.48 -0.0135 -0.132
0.64 0.52 -0.0225975 -0.13063
0.64 0.56 -0.03043 -0.1287
0.64 0.6 -0.0370838 -0.126445
0.64 0.64 -0.0426667 -0.124047
0.64 0.68 -0.0472959 -0.121646
0.64 0.72 -0.0510892 -0.119344
0.64 0.76 -0.054159 -0.117213
0.64 0.8 -0.0566093 -0.1153
0.64 0.84 -0.0585337 -0.113636
0.64 0.88 -0.0600151 -0.112234
0.64 0.92 -0.0611258 -0.111099
0.64 0.96 -0.0619283 -0.110228
0.64 1 -0.0624757 -0.109613
0.68 -1 -0.0620919 0.109062
0.68 -0.96 -0.0613156 0.109441
0.68 -0.92 -0.0602782 0.110029
0.68 -0.88 -0.058931 0.110826
0.68 -0.84 -0.057218 0.111827
0.68 -0.8 -0.0550759 0.113018
0.68 -0.76 -0.0524339 0.114375
0.68 -0.72 -0.0492143 0.115861
0.68 -0.68 -0.0453333 0.117421
0.68 -0.64 -0.0407041 0.118979
0.68 -0.6 -0.0352398 0.120433
0.68 -0.56 -0.0288597 0.12165
0.68 -0.52 -0.021497 0.122464
0.68 -0.48 -0.0131092 0.122672
0.68 -0.44 -0.00369145 0.122036
0.68 -0.4 0.00670835 0.120287
0.68 -0.36 0.0179732 0.117134
0.68 -0.32 0.029902 0.112284
0.68 -0.28 0.0421986 0.105469
0.68 -0.24 0.0544694 0.0964734
0.68 -0.2 0.0662331 0.0851753
0.68 -0.16 0.0769456 0.0715822
0.68 -0.12 0.0860421 0.0558582
0.68 -0.08 0.0929909 0.038337
0.68 -0.04 0.0973539 0.0195117
0.68 0 0.098842 -0
0.68 0.04 0.0973539 -0.0195117
0.68 0.08 0.0929909 -0.038337
0.68 0.12 0.0860421 -0.0558582
0.68 0.16 0.0769456 -0.0715822
0.68 0.2 0.0662331 -0.0851753
0.68 0.24 0.0544694 -0.0964734
0.68 0.28 0.0421986 -0.105469
0.68 0.32 0.029902 -0.112284
0.68 0.36 0.0179732 -0.117134
0.68 0.4 0.00670835 -0.120287
0.68 0.44 -0.00369145 -0.122036
0.68 0.48 -0.0131092 -0.122672
0.68 0.52 -0.021497 -0.122464
0.68 0.56 -0.0288597 -0.12165
0.68 0.6 -0.0352398 -0.120433
0.68 0.64 -0.0407041 -0.118979
0.68 0.68 -0.0453333 -0.117421
0.68 0.72 -0.0492143 -0.115861
0.68 0.76 -0.0524339 -0.114375
0.68 0.8 -0.0550759 -0.113018
0.68 0.84 -0.057218 -0.111827
0.68 0.88 -0.058931 -0.110826
0.68 0.92 -0.0602782 -0.110029
0.68 0.96 -0.0613156 -0.109441
0.68 1 -0.0620919 -0.109062
0.72 -1 -0.0619259 0.108306
0.72 -0.96 -0.060963 0.108444
0.72 -0.92 -0.0597394 0.108749
0.72 -0.88 -0.0582114 0.109213
0.72 -0.84 -0.0563301 0.109825
0.72 -0.8 -0.0540412 0.110566
0.72 -0.76 -0.0512856 0.111405
0.72 -0.72 -0.048 0.1123
0.72 -0.68 -0.0441191 0.113194
0.72 -0.64 -0.0395775 0.11401
0.72 -0.6 -0.0343139 0.114651
0.72 -0.56 -0.0282761 0.114996
0.72 -0.52 -0.0214279 0.114897
0.72 -0.48 -0.0137572 0.114183
0.72 -0.44 -0.00528654 0.112656
0.72 -0.4 0.00391646 0.110104
0.72 -0.36 0.0137284 0.106305
0.72 -0.32 0.0239612 0.101044
0.72 -0.28 0.0343576 0.0941362
0.72 -0.24 0.0445926 0.0854444
0.72 -0.2 0.0542843 0.0749092
0.72 -0.16 0.063015 0.0625698
0.72 -0.12 0.0703616 0.0485811
0.72 -0.08 0.0759342 0.0332185
0.72 -0.04 0.0794162 0.0168679
0.72 0 0.0806008 -0
0.72 0.04 0.0794162 -0.0168679
0.72 0.08 0.0759342 -0.0332185
0.72 0.12 0.0703616 -0.0485811
0.72 0.16 0.063015 -0.0625698
0.72 0.2 0.0542843 -0.0749092
0.72 0.24 0.0445926 -0.0854444
0.72 0.28 0.0343576 -0.0941362
0.72 0.32 0.0239612 -0.101044
0.72 0.36 0.0137284 -0.106305
0.72 0.4 0.00391646 -0.110104
0.72 0.44 -0.00528654 -0.112656
0.72 0.48 -0.0137572 -0.114183
0.72 0.52 -0.0214279 -0.114897
0.72 0.56 -0.0282761 -0.114996
0.72 0.6 -0.0343139 -0.114651
0.72 0.64 -0.0395775 -0.11401
0.72 0.68 -0.0441191 -0.113194
0.72 0.72 -0.048 -0.1123
0.72 0.76 -0.0512856 -0.111405
0.72 0.8 -0.0540412 -0.110566
0.72 0.84 -0.0563301 -0.109825
0.72 0.88 -0.0582114 -0.109213
0.72 0.92 -0.0597394 -0.108749
0.72 0.96 -0.060963 -0.108444
0.72 1 -0.0619259 -0.108306
0.76 -1 -0.0619813 0.107382
0.76 -0.96 -0.0608701 0.107282
0.76 -0.92 -0.0595039 0.107308
0.76 -0.88 -0.0578443 0.107451
0.76 -0.84 -0.0558491 0.107694
0.76 -0.8 -0.0534726 0.108014
0.76 -0.76 -0.0506667 0.108377
0.76 -0.72 -0.0473811 0.108738
0.76 -0.68 -0.0435661 0.109041
0.76 -0.64 -0.0391743 0.109213
0.76 -0.6 -0.0341648 0.109162
0.76 -0.56 -0.028507 0.108781
0.76 -0.52 -0.0221868 0.107943
0.76 -0.48 -0.0152126 0.106502
0.76 -0.44 -0.00762333 0.1043
0.76 -0.4 0.000504747 0.101169
0.76 -0.36 0.00905092 0.0969408
0.76 -0.32 0.0178454 0.0914602
0.76 -0.28 0.0266683 0.0845996
0.76 -0.24 0.0352527 0.0762757
0.76 -0.2 0.0432956 0.0664668
0.76 -0.16 0.0504738 0.0552271
0.76 -0.12 0.0564675 0.0426969
0.76 -0.08 0.0609866 0.0291026
0.76 -0.04 0.0637987 0.0147491
0.76 0 0.0647535 -0
0.76 0.04 0.0637987 -0.0147491
0.76 0.08 0.0609866 -0.0291026
0.76 0.12 0.0564675 -0.0426969
0.76 0.16 0.0504738 -0.0552271
0.76 0.2 0.0432956 -0.0664668
0.76 0.24 0.0352527 -0.0762757
0.76 0.28 0.0266683 -0.0845996
0.76 0.32 0.0178454 -0.0914602
0.76 0.36 0.00905092 -0.0969408
0.76 0.4 0.000504747 -0.101169
0.76 0.44 -0.00762333 -0.1043
0.76 0.48 -0.0152126 -0.106502
0.76 0.52 -0.0221868 -0.107943
0.76 0.56 -0.028507 -0.108781
0.76 0.6 -0.0341648 -0.109162
0.76 0.64 -0.0391743 -0.109213
0.76 0.68 -0.0435661 -0.109041
0.76 0.72 -0.0473811 -0.108738
0.76 0.76 -0.0506667 -0.108377
0.76 0.8 -0.0534726 -0.108014
0.76 0.84 -0.0558491 -0.107694
0.76 0.88 -0.0578443 -0.107451
0.76 0.92 -0.0595039 -0.107308
0.76 0.96 -0.0608701 -0.107282
0.76 1 -0.0619813 -0.107382
0.8 -1 -0.0622566 0.106326
0.8 -0.96 -0.0610318 0.105991
0.8 -0.92 -0.0595613 0.10575
0.8 -0.88 -0.0578122 0.105588
0.8 -0.84 -0.0557487 0.105485
0.8 -0.8 -0.0533333 0.105417
0.8 -0.76 -0.0505274 0.105347
0.8 -0.72 -0.0472921 0.105233
0.8 -0.68 -0.0435908 0.105018
0.8 -0.64 -0.0393907 0.104634
0.8 -0.6 -0.0346667 0.104
0.8 -0.56 -0.0294042 0.103021
0.8 -0.52 -0.0236046 0.101588
0.8 -0.48 -0.0172895 0.0995822
0.8 -0.44 -0.0105063 0.0968741
0.8 -0.4 -0.00333333 0.0933333
0.8 -0.36 0.00411657 0.0888337
0.8 -0.32 0.0116934 0.0832636
0.8 -0.28 0.0192109 0.0765367
0.8 -0.24 0.0264509 0.068605
0.8 -0.2 0.0331719 0.0594694
0.8 -0.16 0.0391223 0.0491898
0.8 -0.12 0.0440577 0.0378898
0.8 -0.08 0.0477597 0.0257562
0.8 -0.04 0.0500553 0.0130314
0.8 0 0.0508333 -0
0.8 0.04 0.0500553 -0.0130314
0.8 0.08 0.0477597 -0.0257562
0.8 0.12 0.0440577 -0.0378898
0.8 0.16 0.0391223 -0.0491898
0.8 0.2 0.0331719 -0.0594694
0.8 0.24 0.0264509 -0.068605
0.8 0.28 0.0192109 -0.0765367
0.8 0.32 0.0116934 -0.0832636
0.8 0.36 0.00411657 -0.0888337
0.8 0.4 -0.00333333 -0.0933333
0.8 0.44 -0.0105063 -0.0968741
0.8 0.48 -0.0172895 -0.0995822
0.8 0.52 -0.0236046 -0.101588
0.8 0.56 -0.0294042 -0.103021
0.8 0.6 -0.0346667 -0.104
0.8 0.64 -0.0393907 -0.104634
0.8 0.68 -0.0435908 -0.105018
0.8 0.72 -0.0472921 -0.105233
0.8 0.76 -0.0505274 -0.105347
0.8 0.8 -0.0533333 -0.105417
0.8 0.84 -0.0557487 -0.105485
0.8 0.88 -0.0578122 -0.105588
0.8 0.92 -0.0595613 -0.10575
0.8 0.96 -0.0610318 -0.105991
0.8 1 -0.0622566 -0.106326
0.84 -1 -0.0627467 0.105167
0.84 -0.96 -0.0614385 0.104608
0.84 -0.92 -0.059897 0.104112
0.84 -0.88 -0.058094 0.103663
0.84 -0.84 -0.056 0.103241
0.84 -0.8 -0.0535846 0.102819
0.84 -0.76 -0.0508176 0.102361
0.84 -0.72 -0.0476699 0.101825
0.84 -0.68 -0.0441153 0.10116
0.84 -0.64 -0.040133 0.100302
0.84 -0.6 -0.0357094 0.0991808
0.84 -0.56 -0.030842 0.0977125
0.84 -0.52 -0.0255422 0.0958061
0.84 -0.48 -0.0198396 0.0933631
0.84 -0.44 -0.0137851 0.0902811
0.84 -0.4 -0.00745454 0.0864587
0.84 -0.36 -0.000950896 0.0818016
0.84 -0.32 0.00559527 0.0762299
0.84 -0.28 0.0120272 0.0696871
0.84 -0.24 0.0181664 0.062148
0.84 -0.2 0.0238197 0.0536269
0.84 -0.16 0.0287901 0.0441837
0.84 -0.12 0.0328889 0.0339259
0.84 -0.08 0.0359497 0.0230079
0.84 -0.04 0.0378419 0.0116243
0.84 0 0.0384822 -0
0.84 0.04 0.0378419 -0.0116243
0.84 0.08 0.0359497 -0.0230079
0.84 0.12 0.0328889 -0.0339259
0.84 0.16 0.0287901 -0.0441837
0.84 0.2 0.0238197 -0.0536269
0.84 0.24 0.0181664 -0.062148
0.84 0.28 0.0120272 -0.0696871
0.84 0.32 0.00559527 -0.0762299
0.84 0.36 -0.000950896 -0.0818016
0.84 0.4 -0.00745454 -0.0864587
0.84 0.44 -0.0137851 -0.0902811
0.84 0.48 -0.0198396 -0.0933631
0.84 0.52 -0.0255422 -0.0958061
0.84 0.56 -0.030842 -0.0977125
0.84 0.6 -0.0357094 -0.0991808
0.84 0.64 -0.040133 -0.100302
0.84 0.68 -0.0441153 -0.10116
0.84 0.72 -0.0476699 -0.101825
0.84 0.76 -0.0508176 -0.102361
0.84 0.8 -0.0535846 -0.102819
0.84 0.84 -0.056 -0.103241
0.84 0.88 -0.058094 -0.103663
0.84 0.92 -0.059897 -0.104112
0.84 0.96 -0.0614385 -0.104608
0.84 1 -0.0627467 -0.105167
0.88 -1 -0.0634436 0.103933
0.88 -0.96 -0.0620783 0.10316
0.88 -0.92 -0.0604939 0.102425
0.88 -0.88 -0.0586667 0.101711
0.88 -0.84 -0.0565727 0.100996
0.88 -0.8 -0.0541878 0.100254
0.88 -0.76 -0.051489 0.0994511
0.88 -0.72 -0.0484552 0.0985465
0.88 -0.68 -0.045069 0.0974926
0.88 -0.64 -0.0413182 0.0962337
0.88 -0.6 -0.0371984 0.0947067
0.88 -0.56 -0.0327151 0.0928408
0.88 -0.52 -0.0278864 0.0905598
0.88 -0.48 -0.0227457 0.0877832
0.88 -0.44 -0.0173444 0.0844298
0.88 -0.4 -0.0117535 0.0804213
0.88 -0.36 -0.00606531 0.0756877
0.88 -0.32 -0.000392385 0.0701727
0.88 -0.28 0.00513376 0.0638403
0.88 -0.24 0.0103669 0.0566805
0.88 -0.2 0.0151519 0.0487148
0.88 -0.16 0.0193333 0.04
0.88 -0.12 0.0227641 0.0306292
0.88 -0.08 0.0253161 0.0207302
0.88 -0.04 0.0268897 0.0104606
0.88 0 0.0274215 -0
0.88 0.04 0.0268897 -0.0104606
0.88 0.08 0.0253161 -0.0207302
0.88 0.12 0.0227641 -0.0306292
0.88 0.16 0.0193333 -0.04
0.88 0.2 0.0151519 -0.0487148
0.88 0.24 0.0103669 -0.0566805
0.88 0.28 0.00513376 -0.0638403
0.88 0.32 -0.000392385 -0.0701727
0.88 0.36 -0.00606531 -0.0756877
0.88 0.4 -0.0117535 -0.0804213
0.88 0.44 -0.0173444 -0.0844298
0.88 0.48 -0.0227457 -0.0877832
0.88 0.52 -0.0278864 -0.0905598
0.88 0.56 -0.0327151 -0.0928408
0.88 0.6 -0.0371984 -0.0947067
0.88 0.64 -0.0413182 -0.0962337
0.88 0.68 -0.045069 -0.0974926
0.88 0.72 -0.0484552 -0.0985465
0.88 0.76 -0.051489 -0.0994511
0.88 0.8 -0.0541878 -0.100254
0.88 0.84 -0.0565727 -0.100996
0.88 0.88 -0.0586667 -0.101711
0.88 0.92 -0.0604939 -0.102425
0.88 0.96 -0.0620783 -0.10316
0.88 1 -0.0634436 -0.103933
0.92 -1 -0.064337 0.102648
0.92 -0.96 -0.0629372 0.101673
0.92 -0.92 -0.0613333 0.100716
0.92 -0.88 -0.0595061 0.099758
0.92 -0.84 -0.0574364 0.0987782
0.92 -0.8 -0.0551054 0.0977499
0.92 -0.76 -0.0524961 0.0966415
0.92 -0.72 -0.049594 0.0954156
0.92 -0.68 -0.0463884 0.0940288
0.92 -0.64 -0.0428742 0.092432
0.92 -0.6 -0.0390531 0.0905703
0.92 -0.56 -0.0349362 0.0883837
0.92 -0.52 -0.0305454 0.0858088
0.92 -0.48 -0.0259157 0.0827806
0.92 -0.44 -0.0210966 0.0792347
0.92 -0.4 -0.0161535 0.0751113
0.92 -0.36 -0.0111676 0.0703585
0.92 -0.32 -0.00623578 0.0649374
0.92 -0.28 -0.00146815 0.0588262
0.92 -0.24 0.00301522 0.0520247
0.92 -0.2 0.0070893 0.0445579
0.92 -0.16 0.0106303 0.0364782
0.92 -0.12 0.0135228 0.0278657
0.92 -0.08 0.0156672 0.0188268
0.92 -0.04 0.0169864 0.00948997
0.92 0 0.0174316 -0
0.92 0.04 0.0169864 -0.00948997
0.92 0.08 0.0156672 -0.0188268
0.92 0.12 0.0135228 -0.0278657
0.92 0.16 0.0106303 -0.0364782
0.92 0.2 0.0070893 -0.0445579
0.92 0.24 0.00301522 -0.0520247
0.92 0.28 -0.00146815 -0.0588262
0.92 0.32 -0.00623578 -0.0649374
0.92 0.36 -0.0111676 -0.0703585
0.92 0.4 -0.0161535 -0.0751113
0.92 0.44 -0.0210966 -0.0792347
0.92 0.48 -0.0259157 -0.0827806
0.92 0.52 -0.0305454 -0.0858088
0.92 0.56 -0.0349362 -0.0883837
0.92 0.6 -0.0390531 -0.0905703
0.92 0.64 -0.0428742 -0.092432
0.92 0.68 -0.0463884 -0.0940288
0.92 0.72 -0.049594 -0.0954156
0.92 0.76 -0.0524961 -0.0966415
0.92 0.8 -0.0551054 -0.0977499
0.92 0.84 -0.0574364 -0.0987782
0.92 0.88 -0.0595061 -0.099758
0.92 0.92 -0.0613333 -0.100716
0.92 0.96 -0.0629372 -0.101673
0.92 1 -0.064337 -0.102648
0.96 -1 -0.0654155 0.101331
0.96 -0.96 -0.064 0.100169
0.96 -0.92 -0.0623962 0.0990066
0.96 -0.88 -0.0605883 0.0978265
0.96 -0.84 -0.0585615 0.0966076
0.96 -0.8 -0.0563016 0.0953247
0.96 -0.76 -0.0537965 0.0939484
0.96 -0.72 -0.051037 0.0924444
0.96 -0.68 -0.0480177 0.0907742
0.96 -0.64 -0.0447384 0.0888945
0.96 -0.6 -0.0412055 0.086758
0.96 -0.56 -0.0374333 0.0843145
0.96 -0.52 -0.0334458 0.0815114
0.96 -0.48 -0.0292778 0.0782963
0.96 -0.44 -0.0249757 0.0746186
0.96 -0.4 -0.0205987 0.0704326
0.96 -0.36 -0.0162181 0.0657005
0.96 -0.32 -0.0119167 0.0603958
0.96 -0.28 -0.00778667 0.0545067
0.96 -0.24 -0.00392695 0.048039
0.96 -0.2 -0.000438899 0.0410187
0.96 -0.16 0.0025784 0.0334935
0.96 -0.12 0.00503353 0.0255323
0.96 -0.08 0.0068482 0.0172239
0.96 -0.04 0.00796229 0.00867395
0.96 0 0.00833796 -0
0.96 0.04 0.00796229 -0.00867395
0.96 0.08 0.0068482 -0.0172239
0.96 0.12 0.00503353 -0.0255323
0.96 0.16 0.0025784 -0.0334935
0.96 0.2 -0.000438899 -0.0410187
0.96 0.24 -0.00392695 -0.048039
0.96 0.28 -0.00778667 -0.0545067
0.96 0.32 -0.0119167 -0.0603958
0.96 0.36 -0.0162181 -0.0657005
0.96 0.4 -0.0205987 -0.0704326
0.96 0.44 -0.0249757 -0.0746186
0.96 0.48 -0.0292778 -0.0782963
0.96 0.52 -0.0334458 -0.0815114
0.96 0.56 -0.0374333 -0.0843145
0.96 0.6 -0.0412055 -0.086758
0.96 0.64 -0.0447384 -0.0888945
0.96 0.68 -0.0480177 -0.0907742
0.96 0.72 -0.051037 -0.0924444
0.96 0.76 -0.0537965 -0.0939484
0.96 0.8 -0.0563016 -0.0953247
0.96 0.84 -0.0585615 -0.0966076
0.96 0.88 -0.0605883 -0.0978265
0.96 0.92 -0.0623962 -0.0990066
0.96 0.96 -0.064 -0.100169
0.96 1 -0.0654155 -0.101331
1 -1 -0.0666667 0.1
1 -0.96 -0.0652512 0.0986644
1 -0.92 -0.063663 0.0973145
1 -0.88 -0.0618898 0.0959331
1 -0.84 -0.05992 0.0945003
1 -0.8 -0.0577434 0.0929923
1 -0.76 -0.0553521 0.0913821
1 -0.72 -0.0527408 0.0896389
1 -0.68 -0.0499081 0.0877284
1 -0.64 -0.0468576 0.0856131
1 -0.6 -0.0435986 0.0832526
1 -0.56 -0.0401475 0.0806047
1 -0.52 -0.0365288 0.0776264
1 -0.48 -0.0327759 0.0742754
1 -0.44 -0.0289319 0.0705121
1 -0.4 -0.0250495 0.066302
1 -0.36 -0.0211911 0.0616177
1 -0.32 -0.0174272 0.0564417
1 -0.28 -0.0138353 0.050769
1 -0.24 -0.0104971 0.0446093
1 -0.2 -0.00749507 0.0379882
1 -0.16 -0.00490913 0.0309483
1 -0.12 -0.00281225 0.023549
1 -0.08 -0.00126647 0.0158648
1 -0.04 -0.000319149 0.00798297
1 0 -0 0
1 0.04 -0.000319149 -0.00798297
1 0.08 -0.00126647 -0.0158648
1 0.12 -0.00281225 -0.023549
1 0.16 -0.00490913 -0.0309483
1 0.2 -0.00749507 -0.0379882
1 0.24 -0.0104971 -0.0446093
1 0.28 -0.0138353 -0.050769
1 0.32 -0.0174272 -0.0564417
1 0.36 -0.0211911 -0.0616177
1 0.4 -0.0250495 -0.066302
1 0.44 -0.0289319 -0.0705121
1 0.48 -0.0327759 -0.0742754
1 0.52 -0.0365288 -0.0776264
1 0.56 -0.0401475 -0.0806047
1 0.6 -0.0435986 -0.0832526
1 0.64 -0.0468576 -0.0856131
1 0.68 -0.0499081 -0.0877284
1 0.72 -0.0527408 -0.0896389
1 0.76 -0.0553521 -0.0913821
1 0.8 -0.0577434 -0.0929923
1 0.84 -0.05992 -0.0945003
1 0.88 -0.0618898 -0.0959331
1 0.92 -0.063663 -0.0973145
1 0.96 -0.0652512 -0.0986644
1 1 -0.0666667 -0.1
