-0.557238 0.82921
0.700971 1.02536
-4.78839 -0.412563
0.997195 -1.18864
1.00843 -0.0424849
1.00843 0.0424849
0.997195 1.18864
-4.78839 0.412563
0.700971 -1.02536
-0.557238 -0.82921
-0.588995 -0.850583
-0.0467128 0.573138
1.24054 -1.84153
-21.093 4.66646
1.81543 1.56263
0.918318 0.142691
0.918318 -0.142691
1.81543 -1.56263
-21.093 -4.66646
1.24054 1.84153
-0.0467128 -0.573138
-0.588995 0.850583
-0.475043 -0.858107
-0.707381 -1.07145
-1.58764 0.258062
-0.416664 1.12538
-0.851631 -0.0773945
0.848479 0.0878109
0.848479 -0.0878109
-0.851631 0.0773945
-0.416664 -1.12538
-1.58764 -0.258062
-0.707381 1.07145
-0.475043 0.858107
-0.47535 -0.816739
0.182548 0.222274
-6.41954 19.7919
0.992172 -0.0573219
0.992172 0.0573219
-6.41954 -19.7919
0.182548 -0.222274
-0.47535 0.816739
-0.510719 -0.86571
0.305851 -0.0750293
-0.60011 0.781921
-0.545619 0.89513
-0.593949 -0.974835
0.788186 -0.107814
0.788186 0.107814
-0.593949 0.974835
-0.545619 -0.89513
-0.60011 -0.781921
0.305851 0.0750293
-0.510719 0.86571
-0.596423 -0.75892
1.04088 -0.0261017
3.14839 1.31275
11.5367 -9.75696
1.51803 0.188747
0.989397 0.0386994
0.989397 -0.0386994
1.51803 -0.188747
11.5367 9.75696
3.14839 -1.31275
1.04088 0.0261017
-0.596423 0.75892
-0.358716 -0.778979
-0.798914 -1.91184
-2.36193 1.82475
0.160344 0.945877
0.788976 -0.330341
1.0232 0.0145149
1.0232 -0.0145149
0.788976 0.330341
0.160344 -0.945877
-2.36193 -1.82475
-0.798914 1.91184
-0.358716 0.778979
-0.505589 -0.877744
-0.630934 -0.749295
-0.472574 0.33407
-0.172225 -2.63948
0.821795 -0.0681994
1.00704 -0.0137895
1.00704 0.0137895
0.821795 0.0681994
-0.172225 2.63948
-0.472574 -0.33407
-0.630934 0.749295
-0.505589 0.877744
-0.460591 -0.882474
-1.41861 -3.16637
0.674988 0.784257
-4.91305 -6.16102
1.6672 -0.182416
1.0418 0.0677717
0.988734 0.00649479
0.988734 -0.00649479
1.0418 -0.0677717
1.6672 0.182416
-4.91305 6.16102
0.674988 -0.784257
-1.41861 3.16637
-0.460591 0.882474
-0.421462 -0.761371
0.0729015 -1.75348
-5.48674 1.7498
0.54169 1.31372
0.717997 0.106985
0.968427 -0.0561158
1.01355 -0.00824315
1.01355 0.00824315
0.968427 0.0561158
0.717997 -0.106985
0.54169 -1.31372
-5.48674 -1.7498
0.0729015 1.75348
-0.421462 0.761371
-0.497243 -0.889181
-0.687795 -0.90798
-0.879046 -0.0546031
-0.548909 0.92683
0.263533 -1.14003
1.22526 -0.141951
1.05035 0.0418163
0.99077 0.0211871
0.99077 -0.0211871
1.05035 -0.0418163
1.22526 0.141951
0.263533 1.14003
-0.548909 -0.92683
-0.879046 0.0546031
-0.687795 0.90798
-0.497243 0.889181
-0.49296 -0.810746
-0.174185 -0.707432
2.8991 -1.91645
6.99995 7.98565
1.3087 0.656977
0.945992 0.180038
0.929373 0.0247516
0.970556 -0.0272692
1.00959 -0.0261661
1.00959 0.0261661
0.970556 0.0272692
0.929373 -0.0247516
0.945992 -0.180038
1.3087 -0.656977
6.99995 -7.98565
2.8991 1.91645
-0.174185 0.707432
-0.49296 0.810746
-0.481158 -0.87711
-0.476695 -1.00405
-1.12389 -1.26695
-1.32637 0.653139
0.249478 0.552046
0.649084 0.113029
0.828933 -0.0616593
0.95863 -0.103053
1.0447 -0.0698771
1.0447 0.0698771
0.95863 0.103053
0.828933 0.0616593
0.649084 -0.113029
0.249478 -0.552046
-1.32637 -0.653139
-1.12389 1.26695
-0.476695 1.00405
-0.481158 0.87711
-0.560396 -0.870961
-0.684266 -0.714065
-0.523798 -0.281966
0.0199075 -0.112082
0.461723 -0.199002
0.764931 -0.268937
0.988744 -0.251211
1.13662 -0.150542
1.13662 0.150542
0.988744 0.251211
0.764931 0.268937
0.461723 0.199002
0.0199075 0.112082
-0.523798 0.281966
-0.684266 0.714065
-0.560396 0.870961
-0.505734 -0.830726
-0.46902 -0.742108
-0.295667 -0.611627
0.0305536 -0.548668
0.406365 -0.566628
0.769164 -0.572141
1.09141 -0.486596
1.32571 -0.284226
1.32571 0.284226
1.09141 0.486596
0.769164 0.572141
0.406365 0.566628
0.0305536 0.548668
-0.295667 0.611627
-0.46902 0.742108
-0.505734 0.830726
-0.472818 -0.856345
-0.406049 -0.843524
-0.252188 -0.843825
0.00935706 -0.884732
0.369351 -0.953041
0.808417 -0.975253
1.279 -0.849508
1.66763 -0.508865
1.66763 0.508865
1.279 0.849508
0.808417 0.975253
0.369351 0.953041
0.00935706 0.884732
-0.252188 0.843825
-0.406049 0.843524
-0.472818 0.856345
-0.482294 -0.891122
-0.434577 -0.935402
-0.322945 -1.0271
-0.110079 -1.18174
0.249438 -1.38023
0.803121 -1.53109
1.53857 -1.44813
2.25735 -0.92714
2.25735 0.92714
1.53857 1.44813
0.803121 1.53109
0.249438 1.38023
-0.110079 1.18174
-0.322945 1.0271
-0.434577 0.935402
-0.482294 0.891122
-0.522654 -0.900905
-0.52629 -0.979555
-0.493624 -1.14186
-0.374179 -1.42275
-0.0717985 -1.83701
0.58313 -2.31069
1.7688 -2.5244
3.27707 -1.83656
3.27707 1.83656
1.7688 2.5244
0.58313 2.31069
-0.0717985 1.83701
-0.374179 1.42275
-0.493624 1.14186
-0.52629 0.979555
-0.522654 0.900905
-0.51752 -0.849614
-0.569039 -0.862226
-0.651047 -0.940544
-0.743938 -1.1358
-0.807468 -1.51855
-0.734687 -2.19531
-0.217109 -3.27436
1.48269 -4.52663
5.01391 -4.24456
5.01391 4.24456
1.48269 4.52663
-0.217109 3.27436
-0.734687 2.19531
-0.807468 1.51855
-0.743938 1.1358
-0.651047 0.940544
-0.569039 0.862226
-0.51752 0.849614
-0.478895 -0.862183
-0.486883 -0.807711
-0.582427 -0.75835
-0.762598 -0.787631
-1.01475 -0.948946
-1.348 -1.32629
-1.76611 -2.12146
-2.10979 -3.83839
-1.17982 -7.54813
6.59134 -12.2264
6.59134 12.2264
-1.17982 7.54813
-2.10979 3.83839
-1.76611 2.12146
-1.348 1.32629
-1.01475 0.948946
-0.762598 0.787631
-0.582427 0.75835
-0.486883 0.807711
-0.478895 0.862183
-0.435766 -0.935256
-0.351302 -0.760501
-0.512138 -0.569856
-0.807022 -0.50758
-1.20556 -0.563287
-1.7886 -0.760349
-2.766 -1.23421
-4.66343 -2.48883
-8.91192 -6.91948
-14.5212 -32.3746
-14.5212 32.3746
-8.91192 6.91948
-4.66343 2.48883
-2.766 1.23421
-1.7886 0.760349
-1.20556 0.563287
-0.807022 0.50758
-0.512138 0.569856
-0.351302 0.760501
-0.435766 0.935256
-0.417717 -0.853455
-0.715714 -0.687419
-0.394886 -1.51484
0.0981899 -0.637252
-0.338573 -0.236722
-0.76339 -0.117978
-1.22962 -0.0514636
-1.87768 0.0391525
-2.97356 0.250278
-5.2179 0.893563
-11.115 3.62342
-32.9618 26.8437
-32.9618 -26.8437
-11.115 -3.62342
-5.2179 -0.893563
-2.97356 -0.250278
-1.87768 -0.0391525
-1.22962 0.0514636
-0.76339 0.117978
-0.338573 0.236722
0.0981899 0.637252
-0.394886 1.51484
-0.715714 0.687419
-0.417717 0.853455
-0.530936 -0.996698
-0.900693 -0.516473
0.309479 -1.50335
0.652316 0.609365
17.4941 -0.608467
0.645604 0.443921
-0.235613 0.28392
-0.682119 0.307846
-1.08868 0.439288
-1.57403 0.742093
-2.23272 1.42126
-3.08743 3.05839
-3.28277 7.321
4.58566 15.7171
4.58566 -15.7171
-3.28277 -7.321
-3.08743 -3.05839
-2.23272 -1.42126
-1.57403 -0.742093
-1.08868 -0.439288
-0.682119 -0.307846
-0.235613 -0.28392
0.645604 -0.443921
17.4941 0.608467
0.652316 -0.609365
0.309479 1.50335
-0.900693 0.516473
-0.530936 0.996698
-0.412423 -0.821478
-0.441986 -1.19624
0.609542 0.104905
1.85846 0.706153
1.70599 5.36195
0.189762 0.370698
-1.15365 0.97006
-0.245449 1.03956
-0.367353 0.685155
-0.620401 0.64079
-0.868304 0.777816
-1.09509 1.11914
-1.23014 1.79104
-0.984149 3.00366
0.545513 4.73975
4.70705 5.08891
4.70705 -5.08891
0.545513 -4.73975
-0.984149 -3.00366
-1.23014 -1.79104
-1.09509 -1.11914
-0.868304 -0.777816
-0.620401 -0.64079
-0.367353 -0.685155
-0.245449 -1.03956
-1.15365 -0.97006
0.189762 -0.370698
1.70599 -5.36195
1.85846 -0.706153
0.609542 -0.104905
-0.441986 1.19624
-0.412423 0.821478
-0.542008 -0.0886326
-0.561281 0.83055
-50.2482 -49.555
0.999759 0.745289
-7.00282 20.2613
-0.696742 0.816042
-0.438813 0.870866
-0.539727 0.856497
-0.473705 0.894965
-0.477132 0.820779
-0.569636 0.815128
-0.661222 0.927718
-0.67881 1.18356
-0.513723 1.61532
0.0358663 2.19311
1.24165 2.60642
2.98424 2.03739
2.98424 -2.03739
1.24165 -2.60642
0.0358663 -2.19311
-0.513723 -1.61532
-0.67881 -1.18356
-0.661222 -0.927718
-0.569636 -0.815128
-0.477132 -0.820779
-0.473705 -0.894965
-0.539727 -0.856497
-0.438813 -0.870866
-0.696742 -0.816042
-7.00282 -20.2613
0.999759 -0.745289
-50.2482 49.555
-0.561281 -0.83055
-0.542008 0.0886326
-0.471574 -0.874725
-0.399553 -1.09719
0.89133 -0.0487145
-0.670177 -0.726916
-0.524603 0.947536
-0.512233 0.862023
-0.524179 0.871591
-0.522182 0.937666
-0.429074 1.06584
-0.159687 1.25247
0.363142 1.43854
1.13948 1.43154
1.95086 0.957024
1.95086 -0.957024
1.13948 -1.43154
0.363142 -1.43854
-0.159687 -1.25247
-0.429074 -1.06584
-0.522182 -0.937666
-0.524179 -0.871591
-0.512233 -0.862023
-0.524603 -0.947536
-0.670177 0.726916
0.89133 0.0487145
-0.399553 1.09719
-0.471574 0.874725
-0.143965 -0.981256
-16.9649 6.52787
0.935592 1.37107
-0.787659 2.45237
-0.470338 0.884623
-0.356057 0.882567
-0.0693702 0.864724
0.401166 0.85261
0.939367 0.764944
1.38599 0.475392
1.38599 -0.475392
0.939367 -0.764944
0.401166 -0.85261
-0.0693702 -0.864724
-0.356057 -0.882567
-0.470338 -0.884623
-0.787659 -2.45237
0.935592 -1.37107
-16.9649 -6.52787
-0.143965 0.981256
0.00928535 0.393669
-0.205404 -0.781207
-0.558614 0.744875
-0.49414 0.846523
-0.467823 0.729553
-0.193331 0.442083
0.37144 0.332079
0.822302 0.329296
1.10391 0.215071
1.10391 -0.215071
0.822302 -0.329296
0.37144 -0.332079
-0.193331 -0.442083
-0.467823 -0.729553
-0.49414 -0.846523
-0.558614 -0.744875
-0.205404 0.781207
0.00928535 -0.393669
-0.403437 -0.778747
0.972544 -0.00700123
-1.62891 6.81999
-0.749079 0.91211
-0.817092 -0.454113
0.565722 -0.242555
0.860102 0.0435193
1.00303 0.0688373
1.00303 -0.0688373
0.860102 -0.0435193
0.565722 0.242555
-0.817092 0.454113
-0.749079 -0.91211
-1.62891 -6.81999
0.972544 0.00700123
-0.403437 0.778747
2.32115 -1.23541
-2.53675 -2.00393
1.68814 1.41111
-0.777575 0.946398
-0.484877 0.849207
0.174743 0.765813
9.42457 9.18742
1.18426 -0.145475
0.97889 -0.0284504
0.993539 0.0101354
0.993539 -0.0101354
0.97889 0.0284504
1.18426 0.145475
9.42457 -9.18742
0.174743 -0.765813
-0.484877 -0.849207
-0.777575 -0.946398
1.68814 -1.41111
-2.53675 2.00393
2.32115 1.23541
1.64674 0.330656
-1.1845 -0.327401
-0.490621 0.931058
-2.27026 -0.30689
0.525646 -0.345731
0.989635 0.0363157
0.989635 -0.0363157
0.525646 0.345731
-2.27026 0.30689
-0.490621 -0.931058
-1.1845 0.327401
1.64674 -0.330656
-0.442337 0.798497
-0.864968 2.01563
-2.01338 -0.63766
1.06186 0.111293
1.06186 -0.111293
-2.01338 0.63766
-0.864968 -2.01563
-0.442337 -0.798497
0.76975 -0.228741
-0.275997 0.290938
-2.29806 0.658873
0.387871 -0.341553
0.387871 0.341553
-2.29806 -0.658873
-0.275997 -0.290938
0.76975 0.228741
4.42555 2.19226
1.28899 -0.616599
-0.334731 2.29015
-0.968766 -0.90714
0.921156 0.0647932
0.921156 -0.0647932
-0.968766 0.90714
-0.334731 -2.29015
1.28899 0.616599
4.42555 -2.19226
-0.0732983 -1.31892
1.9273 0.753016
-0.436095 0.839146
-1.10517 -0.115508
-2.13652 -0.496933
-2.13652 0.496933
-1.10517 0.115508
-0.436095 -0.839146
1.9273 -0.753016
-0.0732983 1.31892
1.43851 -2.36927
-2.08787 0.912929
-5.38003 -12.7436
-0.285518 0.0902804
0.930965 -0.103762
-4.01017 -0.752802
1.01123 0.0238048
1.01123 -0.0238048
-4.01017 0.752802
0.930965 0.103762
-0.285518 -0.0902804
-5.38003 12.7436
-2.08787 -0.912929
1.43851 2.36927
0.934145 -0.0371414
-0.691318 0.541295
0.95836 -0.0843982
-0.0988379 -1.1149
-0.838157 -1.14658
-0.838157 1.14658
-0.0988379 1.1149
0.95836 0.0843982
-0.691318 -0.541295
0.934145 0.0371414
94.1231 -77.8079
-0.339978 0.791707
0.990644 0.973332
1.01586 -1.55322
1.01586 1.55322
0.990644 -0.973332
-0.339978 -0.791707
94.1231 77.8079
-0.0849181 -1.5234
0.582611 -0.534748
1.80121 0.165271
-0.48513 0.862984
-0.628083 1.09718
-0.628083 -1.09718
-0.48513 -0.862984
1.80121 -0.165271
0.582611 0.534748
-0.0849181 1.5234
0.804939 0.748503
1.54382 -1.32635
1.2389 -0.174318
-0.368714 0.7521
1.0239 -0.00509727
1.0239 0.00509727
-0.368714 -0.7521
1.2389 0.174318
1.54382 1.32635
0.804939 -0.748503
-1.19963 -0.322467
5.4779 -2.36429
4.54665 6.17136
1.00884 -0.04579
0.984772 -0.0130563
-52.7844 -24.9365
0.517643 -0.0576611
0.517643 0.0576611
-52.7844 24.9365
0.984772 0.0130563
1.00884 0.04579
4.54665 -6.17136
5.4779 2.36429
-1.19963 0.322467
0.212908 1.51019
1.0743 -0.215558
-0.185541 -1.1519
-0.637771 0.917539
-0.593245 -0.676024
-0.536001 0.895044
-0.536001 -0.895044
-0.593245 0.676024
-0.637771 -0.917539
-0.185541 1.1519
1.0743 0.215558
0.212908 -1.51019
-15.9254 5.32128
0.735999 0.413236
0.976319 0.0362044
1.10652 -0.00335086
0.869047 0.828588
-0.540321 1.33391
-0.600551 0.464462
-0.533468 -1.07312
-0.533468 1.07312
-0.600551 -0.464462
-0.540321 -1.33391
0.869047 -0.828588
1.10652 0.00335086
0.976319 -0.0362044
0.735999 -0.413236
-15.9254 -5.32128
-0.52062 -1.12621
0.0996353 -0.304958
1.28151 -0.952316
4.42269 1.20803
-4.08924 4.01912
-1.6137 -0.934166
-0.538193 -0.89953
-0.561278 0.989161
1.06325 0.160547
1.06325 -0.160547
-0.561278 -0.989161
-0.538193 0.89953
-1.6137 0.934166
-4.08924 -4.01912
4.42269 -1.20803
1.28151 0.952316
0.0996353 0.304958
-0.52062 1.12621
-0.380779 -0.99081
-0.466072 -2.16384
-5.00877 -12.3309
24.3337 -27.5357
0.77458 -2.63859
-0.018519 -0.727771
-0.0623172 -1.1241
0.525585 0.439069
1.20667 -0.137169
1.20667 0.137169
0.525585 -0.439069
-0.0623172 1.1241
-0.018519 0.727771
0.77458 2.63859
24.3337 27.5357
-5.00877 12.3309
-0.466072 2.16384
-0.380779 0.99081
-0.596578 -0.828971
-1.38846 -0.632527
-3.08751 1.6728
2.04317 3.48113
1.82238 -0.0773272
0.929184 -0.132373
1.02139 -0.0202704
1.02139 0.0202704
0.929184 0.132373
1.82238 0.0773272
2.04317 -3.48113
-3.08751 -1.6728
-1.38846 0.632527
-0.596578 0.828971
-0.12537 -0.849009
-0.599498 0.318596
-0.802443 1.09733
0.147142 1.19024
0.877127 0.281335
0.877127 -0.281335
0.147142 -1.19024
-0.802443 -1.09733
-0.599498 -0.318596
-0.12537 0.849009
-0.52499 -0.988145
-0.239364 -1.21474
-0.459401 0.870595
-0.508814 0.88085
-0.477273 0.748543
1.29008 -1.28521
1.29008 1.28521
-0.477273 -0.748543
-0.508814 -0.88085
-0.459401 -0.870595
-0.239364 1.21474
-0.52499 0.988145
-0.519147 0.85329
-2.73282 0.117521
-2.73282 -0.117521
-0.519147 -0.85329
-29.3749 -2.62695
-0.546855 -0.394598
-0.533818 0.747658
1.12301 0.118385
1.12301 -0.118385
-0.533818 -0.747658
-0.546855 0.394598
-29.3749 2.62695
1.52427 -2.83683
-0.642705 -0.612174
-0.642705 0.612174
1.52427 2.83683
-0.385104 -0.991224
-0.933771 -0.455452
-0.933771 0.455452
-0.385104 0.991224
-0.477638 -0.871561
1.03231 0.0030259
1.03231 -0.0030259
-0.477638 0.871561
-0.489668 -0.850698
-13.6025 8.15079
-0.452982 -0.910567
0.0619032 3.56767
0.0619032 -3.56767
-0.452982 0.910567
-13.6025 -8.15079
-0.489668 0.850698
0.735557 0.696591
2.17494 -3.87179
-0.456715 -1.15876
-1.32713 4.24762
-6.04922 0.990224
0.729048 -0.0802501
0.729048 0.0802501
-6.04922 -0.990224
-1.32713 -4.24762
-0.456715 1.15876
2.17494 3.87179
0.735557 -0.696591
-0.489521 -0.933562
-0.625696 0.722834
-0.51788 0.814969
-0.515322 -0.915981
0.593767 0.776845
0.593767 -0.776845
-0.515322 0.915981
-0.51788 -0.814969
-0.625696 -0.722834
-0.489521 0.933562
-2.25656 1.26678
1.01793 -0.0307464
1.36509 1.13792
-2.81876 1.40997
-0.603122 -1.23234
-0.918048 -0.91179
0.933381 -0.149995
0.933381 0.149995
-0.918048 0.91179
-0.603122 1.23234
-2.81876 -1.40997
1.36509 -1.13792
1.01793 0.0307464
-2.25656 -1.26678
-0.459524 -1.18594
0.239617 -0.741985
2.04413 -4.11317
97.3243 5.4154
2.03562 -1.1813
0.930551 -0.0763103
0.930551 0.0763103
2.03562 1.1813
97.3243 -5.4154
2.04413 4.11317
0.239617 0.741985
-0.459524 1.18594
-0.543759 -0.959644
-1.76542 -0.850737
-1.39217 2.70977
1.00248 0.921155
0.982284 0.0365078
0.982284 -0.0365078
1.00248 -0.921155
-1.39217 -2.70977
-1.76542 0.850737
-0.543759 0.959644
-0.448154 -0.846072
-0.41755 0.168407
-0.608624 0.943754
-0.371119 0.661322
1.67431 0.463699
1.67431 -0.463699
-0.371119 -0.661322
-0.608624 -0.943754
-0.41755 -0.168407
-0.448154 0.846072
-0.32049 -0.751252
-0.68185 0.830102
-0.257045 1.49948
0.97936 0.105345
0.97936 -0.105345
-0.257045 -1.49948
-0.68185 -0.830102
-0.32049 0.751252
2.00026 0.528632
-1.08195 -0.555306
-1.08195 0.555306
2.00026 -0.528632
0.0791784 1.73779
-2.01508 -0.557213
1.01512 0.0138536
1.01512 -0.0138536
-2.01508 0.557213
0.0791784 -1.73779
0.386037 -0.340675
-0.531902 0.976864
-0.512459 -0.857089
-0.239801 0.865804
-0.239801 -0.865804
-0.512459 0.857089
-0.531902 -0.976864
0.386037 0.340675
-0.234235 0.190945
0.969728 -0.0293988
-0.56635 -1.4432
0.693985 1.14427
-15.3168 10.4342
-15.3168 -10.4342
0.693985 -1.14427
-0.56635 1.4432
0.969728 0.0293988
-0.234235 -0.190945
-0.138566 -1.13088
0.677264 1.50159
-2.88287 -0.563603
0.0736044 -1.00232
1.02546 0.0965995
1.02546 -0.0965995
0.0736044 1.00232
-2.88287 0.563603
0.677264 -1.50159
-0.138566 1.13088
-0.0647209 -0.438463
0.381536 -0.434364
2.58519 -3.76987
27.3096 21.9952
1.97547 -0.0288855
1.03134 0.00277937
1.03134 -0.00277937
1.97547 0.0288855
27.3096 -21.9952
2.58519 3.76987
0.381536 0.434364
-0.0647209 0.438463
-0.474557 -0.938675
-1.4138 -1.02305
-1.55376 1.82272
0.368033 0.969806
0.877983 -0.129221
0.877983 0.129221
0.368033 -0.969806
-1.55376 -1.82272
-1.4138 1.02305
-0.474557 0.938675
-0.495336 -0.853897
-0.251227 -0.323136
-0.579759 0.79212
-0.477126 0.846445
0.804207 0.0588766
1.0773 0.0730612
1.0773 -0.0730612
0.804207 -0.0588766
-0.477126 -0.846445
-0.579759 -0.79212
-0.251227 0.323136
-0.495336 0.853897
1.46485 0.829183
-0.287456 -0.978796
-0.287456 0.978796
1.46485 -0.829183
0.623898 0.73263
-0.15125 -1.49157
-0.087976 0.0775674
-0.087976 -0.0775674
-0.15125 1.49157
0.623898 -0.73263
-0.685293 -1.46803
-0.595332 -1.07687
-0.517219 0.896318
-0.530282 0.710659
-0.505418 -0.877885
2.72476 0.356255
2.72476 -0.356255
-0.505418 0.877885
-0.530282 -0.710659
-0.517219 -0.896318
-0.595332 1.07687
-0.685293 1.46803
-0.54009 -0.438363
1.17754 0.258504
-3.04429 5.6655
0.88895 -2.69008
1.01748 -0.199969
1.01748 0.199969
0.88895 2.69008
-3.04429 -5.6655
1.17754 -0.258504
-0.54009 0.438363
-0.708121 -0.620544
0.379482 -1.46759
-8.48647 -6.23722
2.24115 3.06808
1.04394 0.34674
1.04394 -0.34674
2.24115 -3.06808
-8.48647 6.23722
0.379482 1.46759
-0.708121 0.620544
-0.665957 -0.948954
-1.45708 0.0122367
-0.566395 1.24384
-0.21366 0.363894
1.35942 0.112221
1.35942 -0.112221
-0.21366 -0.363894
-0.566395 -1.24384
-1.45708 -0.0122367
-0.665957 0.948954
-0.445473 -0.831837
0.154089 0.248002
-1.56397 -1.89781
1.01883 0.0956936
1.01883 -0.0956936
-1.56397 1.89781
0.154089 -0.248002
-0.445473 0.831837
-0.522258 -0.848474
0.971522 0.14435
-0.610451 -0.858915
1.4075 1.60146
1.4075 -1.60146
-0.610451 0.858915
0.971522 -0.14435
-0.522258 0.848474
-0.502449 -0.875792
-1.26445 -0.411142
1.0041 0.0311929
0.0154469 1.92271
-1.77551 -2.52131
0.997814 -0.577475
1.02121 -0.0266151
1.02121 0.0266151
0.997814 0.577475
-1.77551 2.52131
0.0154469 -1.92271
1.0041 -0.0311929
-1.26445 0.411142
-0.502449 0.875792
-0.589752 -0.926416
0.306519 -0.550106
2.71218 -4.71309
6.87911 13.7259
1.65275 0.703286
0.985015 0.110534
0.985015 -0.110534
1.65275 -0.703286
6.87911 -13.7259
2.71218 4.71309
0.306519 0.550106
-0.589752 0.926416
-0.479982 -0.997565
-1.41352 -1.08219
-1.51913 1.35581
0.0197817 0.984306
0.507875 -0.220224
1.05363 -0.0345224
1.05363 0.0345224
0.507875 0.220224
0.0197817 -0.984306
-1.51913 -1.35581
-1.41352 1.08219
-0.479982 0.997565
-0.526916 -0.844268
-0.512862 -0.508804
-0.43034 0.620177
10.5489 8.39351
0.782358 0.247656
0.9755 -0.00973531
0.9755 0.00973531
0.782358 -0.247656
10.5489 -8.39351
-0.43034 -0.620177
-0.512862 0.508804
-0.526916 0.844268
-0.487115 -0.869057
-0.378293 -1.07564
-29.1812 7.69966
-0.195409 1.20164
-1.64319 -1.29414
0.990369 -0.673336
1.06924 -0.054246
1.01218 0.00708392
1.01218 -0.00708392
1.06924 0.054246
0.990369 0.673336
-1.64319 1.29414
-0.195409 -1.20164
-29.1812 -7.69966
-0.378293 1.07564
-0.487115 0.869057
-0.546831 -0.805535
0.0673155 -0.461672
3.22336 -2.07509
38.0846 29.6521
2.21191 0.687016
1.09336 0.206217
0.975009 0.0397877
0.975009 -0.0397877
1.09336 -0.206217
2.21191 -0.687016
38.0846 -29.6521
3.22336 2.07509
0.0673155 0.461672
-0.546831 0.805535
-0.475662 -0.869425
-0.430827 -1.04186
-1.29507 -1.58624
-2.39971 1.38712
0.162747 1.3024
0.579144 0.255753
0.874217 -0.051559
0.996233 -0.0375674
1.01054 -0.00586938
1.01054 0.00586938
0.996233 0.0375674
0.874217 0.051559
0.579144 -0.255753
0.162747 -1.3024
-2.39971 -1.38712
-1.29507 1.58624
-0.430827 1.04186
-0.475662 0.869425
-0.571441 -0.875435
-0.771596 -0.634889
-0.660362 0.253984
-0.574083 0.877988
-0.154527 -0.625266
1.04451 -0.382108
1.09571 -0.0487492
1.03185 0.0175808
1.03185 -0.0175808
1.09571 0.0487492
1.04451 0.382108
-0.154527 0.625266
-0.574083 -0.877988
-0.660362 -0.253984
-0.771596 0.634889
-0.571441 0.875435
-0.499027 -0.829493
-0.397068 -0.715868
0.213838 -0.471748
3.6906 2.75553
5.73956 -8.93454
1.97721 0.0420223
1.18743 0.161205
1.01122 0.0883231
0.973802 0.0306514
0.992777 -0.0125282
1.0055 -0.00978527
1.0055 0.00978527
0.992777 0.0125282
0.973802 -0.0306514
1.01122 -0.0883231
1.18743 -0.161205
1.97721 -0.0420223
5.73956 8.93454
3.6906 -2.75553
0.213838 0.471748
-0.397068 0.715868
-0.499027 0.829493
-0.4775 -0.868709
-0.408862 -0.924191
-0.286533 -1.31752
-1.9436 -3.19634
-2.34177 4.14487
0.957036 1.29183
0.90577 0.406397
0.885938 0.13276
0.913269 0.0192316
0.954352 -0.0269937
0.992385 -0.036032
1.01838 -0.0232334
1.01838 0.0232334
0.992385 0.036032
0.954352 0.0269937
0.913269 -0.0192316
0.885938 -0.13276
0.90577 -0.406397
0.957036 -1.29183
-2.34177 -4.14487
-1.9436 3.19634
-0.286533 1.31752
-0.408862 0.924191
-0.4775 0.868709
-0.501791 -0.882131
-0.529669 -0.927339
-0.708423 -1.01012
-1.25691 -0.723649
-1.03436 0.441781
0.0342416 0.595701
0.517834 0.264174
0.718205 0.0505459
0.841652 -0.052481
0.934948 -0.0880548
1.00467 -0.0808698
1.04859 -0.0469992
1.04859 0.0469992
1.00467 0.0808698
0.934948 0.0880548
0.841652 0.052481
0.718205 -0.0505459
0.517834 -0.264174
0.0342416 -0.595701
-1.03436 -0.441781
-1.25691 0.723649
-0.708423 1.01012
-0.529669 0.927339
-0.501791 0.882131
-0.513247 -0.866424
-0.547344 -0.857763
-0.628773 -0.791683
-0.694561 -0.550424
-0.495088 -0.176766
-0.0488333 -0.00572893
0.341072 -0.0526518
0.606704 -0.138696
0.795498 -0.188295
0.93807 -0.190637
1.04275 -0.15208
1.10801 -0.0838647
1.10801 0.0838647
1.04275 0.15208
0.93807 0.190637
0.795498 0.188295
0.606704 0.138696
0.341072 0.0526518
-0.0488333 0.00572893
-0.495088 0.176766
-0.694561 0.550424
-0.628773 0.791683
-0.547344 0.857763
-0.513247 0.866424
-0.509873 -0.827816
-0.508157 -0.758986
-0.452764 -0.626539
-0.27958 -0.468685
-0.00053702 -0.372156
0.29932 -0.357107
0.566281 -0.373298
0.791834 -0.373297
0.977614 -0.334749
1.12 -0.253411
1.21079 -0.136675
1.21079 0.136675
1.12 0.253411
0.977614 0.334749
0.791834 0.373297
0.566281 0.373298
0.29932 0.357107
-0.00053702 0.372156
-0.27958 0.468685
-0.452764 0.626539
-0.508157 0.758986
-0.509873 0.827816
-0.47376 -0.839004
-0.433759 -0.801137
-0.345483 -0.742701
-0.187018 -0.681504
0.0374401 -0.64346
0.298788 -0.633342
0.568016 -0.628843
0.826664 -0.599712
1.0597 -0.523504
1.24895 -0.391498
1.3739 -0.210206
1.3739 0.210206
1.24895 0.391498
1.0597 0.523504
0.826664 0.599712
0.568016 0.628843
0.298788 0.633342
0.0374401 0.64346
-0.187018 0.681504
-0.345483 0.742701
-0.433759 0.801137
-0.47376 0.839004
-0.484511 -0.87107
-0.459253 -0.870883
-0.407437 -0.867709
-0.313724 -0.863917
-0.165596 -0.866577
0.0393219 -0.881458
0.292701 -0.902945
0.580787 -0.910632
0.886335 -0.875573
1.18504 -0.770666
1.44279 -0.581304
1.61996 -0.31418
1.61996 0.31418
1.44279 0.581304
1.18504 0.770666
0.886335 0.875573
0.580787 0.910632
0.292701 0.902945
0.0393219 0.881458
-0.165596 0.866577
-0.313724 0.863917
-0.407437 0.867709
-0.459253 0.870883
-0.484511 0.87107
-0.492742 -0.886799
-0.470592 -0.906369
-0.423399 -0.935933
-0.338326 -0.978643
-0.202973 -1.03728
-0.00800695 -1.11006
0.251527 -1.18484
0.57489 -1.23548
0.950996 -1.22339
1.35015 -1.106
1.71821 -0.853198
1.98337 -0.468221
1.98337 0.468221
1.71821 0.853198
1.35015 1.106
0.950996 1.22339
0.57489 1.23548
0.251527 1.18484
-0.00800695 1.11006
-0.202973 1.03728
-0.338326 0.978643
-0.423399 0.935933
-0.470592 0.906369
-0.492742 0.886799
-0.514677 -0.894915
-0.506582 -0.932042
-0.477303 -0.99105
-0.413778 -1.07674
-0.300708 -1.19205
-0.120741 -1.33418
0.144933 -1.4886
0.51311 -1.62215
0.988175 -1.67842
1.5428 -1.5825
2.09739 -1.26564
2.52159 -0.71201
2.52159 0.71201
2.09739 1.26564
1.5428 1.5825
0.988175 1.67842
0.51311 1.62215
0.144933 1.4886
-0.120741 1.33418
-0.300708 1.19205
-0.413778 1.07674
-0.477303 0.99105
-0.506582 0.932042
-0.514677 0.894915
-0.526116 -0.862544
-0.54682 -0.88622
-0.563328 -0.935829
-0.565088 -1.01924
-0.538431 -1.14434
-0.465028 -1.31807
-0.319319 -1.54285
-0.0659376 -1.80913
0.339285 -2.08245
0.936517 -2.28589
1.72551 -2.28869
2.60529 -1.93231
3.33707 -1.12989
3.33707 1.12989
2.60529 1.93231
1.72551 2.28869
0.936517 2.28589
0.339285 2.08245
-0.0659376 1.80913
-0.319319 1.54285
-0.465028 1.31807
-0.538431 1.14434
-0.565088 1.01924
-0.563328 0.935829
-0.54682 0.88622
-0.526116 0.862544
-0.489337 -0.854841
-0.503061 -0.838183
-0.536001 -0.832567
-0.582731 -0.851545
-0.634337 -0.90586
-0.680544 -1.00564
-0.708636 -1.16267
-0.699946 -1.3912
-0.623804 -1.70604
-0.428634 -2.11548
-0.0323796 -2.60273
0.676083 -3.08699
1.79082 -3.36412
3.24688 -3.08308
4.62219 -1.91827
4.62219 1.91827
3.24688 3.08308
1.79082 3.36412
0.676083 3.08699
-0.0323796 2.60273
-0.428634 2.11548
-0.623804 1.70604
-0.699946 1.3912
-0.708636 1.16267
-0.680544 1.00564
-0.634337 0.90586
-0.582731 0.851545
-0.536001 0.832567
-0.503061 0.838183
-0.489337 0.854841
-0.507875 -0.879872
-0.481839 -0.884857
-0.460685 -0.854488
-0.47647 -0.808234
-0.531625 -0.777424
-0.613629 -0.781444
-0.710401 -0.830752
-0.813189 -0.935253
-0.91371 -1.10974
-0.998892 -1.37721
-1.04204 -1.77106
-0.986498 -2.33413
-0.716209 -3.10515
-0.0137773 -4.06549
1.44908 -4.99096
3.89941 -5.1982
6.75156 -3.59759
6.75156 3.59759
3.89941 5.1982
1.44908 4.99096
-0.0137773 4.06549
-0.716209 3.10515
-0.986498 2.33413
-1.04204 1.77106
-0.998892 1.37721
-0.91371 1.10974
-0.813189 0.935253
-0.710401 0.830752
-0.613629 0.781444
-0.531625 0.777424
-0.47647 0.808234
-0.460685 0.854488
-0.481839 0.884857
-0.507875 0.879872
-0.514182 -0.86147
-0.494411 -0.886228
-0.527869 -0.831033
-0.552996 -0.904009
-0.465749 -0.947144
-0.388466 -0.871051
-0.408357 -0.759982
-0.500875 -0.685946
-0.630438 -0.666076
-0.780572 -0.701317
-0.94739 -0.796275
-1.13205 -0.965608
-1.33525 -1.23866
-1.54957 -1.66712
-1.74199 -2.33783
-1.80893 -3.38852
-1.46402 -4.99958
-0.00481157 -7.22642
3.84571 -9.23416
10.4045 -7.80275
10.4045 7.80275
3.84571 9.23416
-0.00481157 7.22642
-1.46402 4.99958
-1.80893 3.38852
-1.74199 2.33783
-1.54957 1.66712
-1.33525 1.23866
-1.13205 0.965608
-0.94739 0.796275
-0.780572 0.701317
-0.630438 0.666076
-0.500875 0.685946
-0.408357 0.759982
-0.388466 0.871051
-0.465749 0.947144
-0.552996 0.904009
-0.527869 0.831033
-0.494411 0.886228
-0.514182 0.86147
-0.535234 -0.878371
-0.560044 -0.78188
-0.453237 -0.82193
-0.529731 -0.898939
-0.450351 -0.842054
-0.610328 -0.874548
-0.336636 -0.848328
-0.63348 -0.797743
-0.48942 -1.01734
-0.33838 -0.817785
-0.570486 -0.657279
-0.774878 -0.968077
-0.416277 -1.17252
-0.197654 -0.910497
-0.269276 -0.664708
-0.43689 -0.538533
-0.628672 -0.496521
-0.834827 -0.513857
-1.06372 -0.585277
-1.33074 -0.721326
-1.65686 -0.95042
-2.06892 -1.32969
-2.59625 -1.97158
-3.24769 -3.10476
-3.90376 -5.20827
-3.84997 -9.23741
-0.00131665 -16.2582
15.6068 -20.8098
15.6068 20.8098
-0.00131665 16.2582
-3.84997 9.23741
-3.90376 5.20827
-3.24769 3.10476
-2.59625 1.97158
-2.06892 1.32969
-1.65686 0.95042
-1.33074 0.721326
-1.06372 0.585277
-0.834827 0.513857
-0.628672 0.496521
-0.43689 0.538533
-0.269276 0.664708
-0.197654 0.910497
-0.416277 1.17252
-0.774878 0.968077
-0.570486 0.657279
-0.33838 0.817785
-0.48942 1.01734
-0.63348 0.797743
-0.336636 0.848328
-0.610328 0.874548
-0.450351 0.842054
-0.529731 0.898939
-0.453237 0.82193
-0.560044 0.78188
-0.535234 0.878371
-1.29505 -0.982302
-0.86923 -2.21008
-1.39398 -0.311009
0.432672 -0.432962
-0.641457 -0.879452
-0.358178 -0.859291
-1.48674 -0.73363
-1.03929 1.31289
-0.222974 0.894181
-0.862209 0.0901916
-0.803041 -1.39922
0.0439979 -0.849095
-0.497517 0.764335
-0.0868741 1.32917
-1.76362 -0.381204
-0.258624 -1.8613
0.250595 -0.709101
-0.41524 0.154248
-2.26331 -1.19341
0.137621 -1.97855
0.282293 -0.827212
-0.0611416 -0.440333
-0.356943 -0.311003
-0.614797 -0.270862
-0.867321 -0.274765
-1.14281 -0.31241
-1.47137 -0.388394
-1.89332 -0.520387
-2.47122 -0.747084
-3.31199 -1.15211
-4.61191 -1.93127
-6.74885 -3.60435
-10.4048 -7.80566
-15.6077 -20.8107
-0.000309901 -65.031
-0.000309901 65.031
-15.6077 20.8107
-10.4048 7.80566
-6.74885 3.60435
-4.61191 1.93127
-3.31199 1.15211
-2.47122 0.747084
-1.89332 0.520387
-1.47137 0.388394
-1.14281 0.31241
-0.867321 0.274765
-0.614797 0.270862
-0.356943 0.311003
-0.0611416 0.440333
0.282293 0.827212
0.137621 1.97855
-2.26331 1.19341
-0.41524 -0.154248
0.250595 0.709101
-0.258624 1.8613
-1.76362 0.381204
-0.0868741 -1.32917
-0.497517 -0.764335
0.0439979 0.849095
-0.803041 1.39922
-0.862209 -0.0901916
-0.222974 -0.894181
-1.03929 -1.31289
-1.48674 0.73363
-0.358178 0.859291
-0.641457 0.879452
0.432672 0.432962
-1.39398 0.311009
-0.86923 2.21008
-1.29505 0.982302
-0.562732 -0.807396
-0.297891 -1.38477
0.591072 2.14746
-0.680897 0.95392
-0.0193127 -0.922695
-0.555359 -0.893779
-0.439517 -0.76691
17.7296 -0.936409
0.884254 -0.454045
1.06815 -0.134174
-0.487265 0.800361
-0.868077 1.19072
-2.22972 -2.2095
0.724858 -1.21926
0.854536 0.00384808
0.750027 -0.0953601
0.0365424 4.43072
2.06508 -7.67808
1.4521 -0.56038
1.12356 0.331027
1.90622 26.5457
4.73349 -1.85726
1.19365 -0.129181
1.58363 0.308574
-182.164 222.35
3.62248 -0.465592
0.795621 -0.0572604
0.0712577 -0.0185688
-0.31423 -0.00913693
-0.605299 -0.00566946
-0.877146 -0.00405084
-1.17043 -0.0031583
-1.5221 -0.00259366
-1.98064 -0.00218844
-2.62428 -0.00186239
-3.59666 -0.00157474
-5.19468 -0.00130451
-8.12566 -0.00104131
-14.4503 -0.000780478
-32.5152 -0.000520252
-130.061 -0.000260123
0 0
-130.061 0.000260123
-32.5152 0.000520252
-14.4503 0.000780478
-8.12566 0.00104131
-5.19468 0.00130451
-3.59666 0.00157474
-2.62428 0.00186239
-1.98064 0.00218844
-1.5221 0.00259366
-1.17043 0.0031583
-0.877146 0.00405084
-0.605299 0.00566946
-0.31423 0.00913693
0.0712577 0.0185688
0.795621 0.0572604
3.62248 0.465592
-182.164 -222.35
1.58363 -0.308574
1.19365 0.129181
4.73349 1.85726
1.90622 -26.5457
1.12356 -0.331027
1.4521 0.56038
2.06508 7.67808
0.0365424 -4.43072
0.750027 0.0953601
0.854536 -0.00384808
0.724858 1.21926
-2.22972 2.2095
-0.868077 -1.19072
-0.487265 -0.800361
1.06815 0.134174
0.884254 0.454045
17.7296 0.936409
-0.439517 0.76691
-0.555359 0.893779
-0.0193127 0.922695
-0.680897 -0.95392
0.591072 -2.14746
-0.297891 1.38477
-0.562732 0.807396
-1.05941 -0.470362
-0.5175 0.902735
1.66577 0.0946052
-0.569079 0.696316
-1.07935 0.74369
-1.34379 -1.88998
0.612858 -0.949425
0.930275 0.0129086
2.98876 0.387873
58.273 71.207
2.29516 0.677614
1.01389 0.069393
0.894333 0.0611015
-0.244059 -3.2175
-1.40798 5.29019
0.976116 0.968743
0.844248 -0.165038
-0.121392 -0.220636
-3.16803 -0.959267
0.132165 2.69791
0.539256 0.686866
-0.143655 -0.402132
-3.10378 1.02539
0.336878 2.20337
0.358242 0.809007
-0.0383815 0.419669
-0.34832 0.297082
-0.610819 0.261041
-0.865186 0.267298
-1.14151 0.306389
-1.47048 0.383353
-1.89262 0.516083
-2.47062 0.743394
-3.31144 1.14898
-4.61138 1.92866
-6.74833 3.60226
-10.4043 7.8041
-15.6072 20.8096
0.000210344 65.0305
0.000210344 -65.0305
-15.6072 -20.8096
-10.4043 -7.8041
-6.74833 -3.60226
-4.61138 -1.92866
-3.31144 -1.14898
-2.47062 -0.743394
-1.89262 -0.516083
-1.47048 -0.383353
-1.14151 -0.306389
-0.865186 -0.267298
-0.610819 -0.261041
-0.34832 -0.297082
-0.0383815 -0.419669
0.358242 -0.809007
0.336878 -2.20337
-3.10378 -1.02539
-0.143655 0.402132
0.539256 -0.686866
0.132165 -2.69791
-3.16803 0.959267
-0.121392 0.220636
0.844248 0.165038
0.976116 -0.968743
-1.40798 -5.29019
-0.244059 3.2175
0.894333 -0.0611015
1.01389 -0.069393
2.29516 -0.677614
58.273 -71.207
2.98876 -0.387873
0.930275 -0.0129086
0.612858 0.949425
-1.34379 1.88998
-1.07935 -0.74369
-0.569079 -0.696316
1.66577 -0.0946052
-0.5175 -0.902735
-1.05941 0.470362
-0.46716 -0.666545
-2.33941 -1.11033
0.916521 1.05147
-0.374668 -0.444209
-0.513284 -0.859859
-0.325377 0.0184657
0.752573 0.0946723
0.843517 -0.141556
2.27371 2.66128
34.2162 -35.7219
2.25348 0.380044
1.01288 0.0651939
0.781065 0.0686006
-0.391789 -1.13278
-2.20425 0.759883
-0.0536224 1.34727
-0.0898366 -0.0314626
-0.409808 -0.366839
-0.900454 -2.71881
-0.432898 -0.258892
-0.839812 1.03919
-0.252133 0.931658
-0.736844 0.482599
0.245488 1.03385
-0.764117 0.62549
-0.543294 1.13983
-0.25099 0.845222
-0.535503 0.575361
-0.863616 0.940857
-0.430916 1.23432
-0.17051 0.930636
-0.250397 0.662874
-0.426601 0.532053
-0.622958 0.489865
-0.831415 0.507863
-1.06149 0.579988
-1.32913 0.716658
-1.65556 0.946304
-2.06778 1.32609
-2.59517 1.96848
-3.24665 3.10217
-3.90272 5.2062
-3.84893 9.23585
-0.000276264 16.2572
15.6078 20.8093
15.6078 -20.8093
-0.000276264 -16.2572
-3.84893 -9.23585
-3.90272 -5.2062
-3.24665 -3.10217
-2.59517 -1.96848
-2.06778 -1.32609
-1.65556 -0.946304
-1.32913 -0.716658
-1.06149 -0.579988
-0.831415 -0.507863
-0.622958 -0.489865
-0.426601 -0.532053
-0.250397 -0.662874
-0.17051 -0.930636
-0.430916 -1.23432
-0.863616 -0.940857
-0.535503 -0.575361
-0.25099 -0.845222
-0.543294 -1.13983
-0.764117 -0.62549
0.245488 -1.03385
-0.736844 -0.482599
-0.252133 -0.931658
-0.839812 -1.03919
-0.432898 0.258892
-0.900454 2.71881
-0.409808 0.366839
-0.0898366 0.0314626
-0.0536224 -1.34727
-2.20425 -0.759883
-0.391789 1.13278
0.781065 -0.0686006
1.01288 -0.0651939
2.25348 -0.380044
34.2162 35.7219
2.27371 -2.66128
0.843517 0.141556
0.752573 -0.0946723
-0.325377 -0.0184657
-0.513284 0.859859
-0.374668 0.444209
0.916521 -1.05147
-2.33941 1.11033
-0.46716 0.666545
-0.518944 -0.867445
1.01903 -0.0934252
-0.492496 0.848145
-0.0569753 -0.281175
-0.66697 -0.963405
-0.113194 -0.785233
0.88613 0.291675
0.35443 -1.48663
-3.43417 0.561619
-0.0314398 1.48502
-0.0996068 -0.0508266
0.375565 -0.492186
-0.277513 -0.2518
-1.03448 -2.24991
-0.719421 -0.689276
-0.474369 0.705512
-0.493866 0.899306
-0.529083 0.847917
-0.478134 0.808397
-0.411797 0.858176
-0.463992 0.904592
-0.520748 0.861917
-0.482926 0.869805
-0.521266 0.857703
-0.473065 0.879917
-0.520014 0.840668
-0.506502 0.900849
-0.458242 0.856914
-0.521482 0.813574
-0.570554 0.896701
-0.475267 0.961101
-0.382213 0.882734
-0.398645 0.762837
-0.493146 0.683838
-0.625091 0.662091
-0.776906 0.696832
-0.944756 0.791817
-1.13 0.961384
-1.3335 1.23477
-1.54797 1.66362
-1.74044 2.33477
-1.80738 3.38593
-1.46247 4.9975
-0.00325257 7.22486
3.84727 9.23312
10.406 7.80223
10.406 -7.80223
3.84727 -9.23312
-0.00325257 -7.22486
-1.46247 -4.9975
-1.80738 -3.38593
-1.74044 -2.33477
-1.54797 -1.66362
-1.3335 -1.23477
-1.13 -0.961384
-0.944756 -0.791817
-0.776906 -0.696832
-0.625091 -0.662091
-0.493146 -0.683838
-0.398645 -0.762837
-0.382213 -0.882734
-0.475267 -0.961101
-0.570554 -0.896701
-0.521482 -0.813574
-0.458242 -0.856914
-0.506502 -0.900849
-0.520014 -0.840668
-0.473065 -0.879917
-0.521266 -0.857703
-0.482926 -0.869805
-0.520748 -0.861917
-0.463992 -0.904592
-0.411797 -0.858176
-0.478134 -0.808397
-0.529083 -0.847917
-0.493866 -0.899306
-0.474369 -0.705512
-0.719421 0.689276
-1.03448 2.24991
-0.277513 0.2518
0.375565 0.492186
-0.0996068 0.0508266
-0.0314398 -1.48502
-3.43417 -0.561619
0.35443 1.48663
0.88613 -0.291675
-0.113194 0.785233
-0.66697 0.963405
-0.0569753 0.281175
-0.492496 -0.848145
1.01903 0.0934252
-0.518944 0.867445
-0.413501 0.973146
-0.580912 0.928104
-1.29238 -4.12862
-1.06125 1.03781
-2.90252 -2.39327
1.55388 -1.50956
1.10489 -0.0682128
-0.142601 -0.787813
-0.379976 0.290983
-0.52167 0.895123
-0.51307 0.858001
-0.527634 0.860037
-0.459104 0.915311
-0.465698 0.826614
-0.506102 0.883472
-0.512258 0.878303
-0.458832 0.859432
-0.471763 0.810379
-0.526675 0.776698
-0.609482 0.778924
-0.707141 0.827326
-0.810586 0.931453
-0.911499 1.10587
-0.996864 1.37347
-1.04006 1.76761
-0.9845 2.33106
-0.714172 3.10255
-0.0117094 4.06339
1.45117 4.9894
3.90149 5.19716
6.75364 3.59707
6.75364 -3.59707
3.90149 -5.19716
1.45117 -4.9894
-0.0117094 -4.06339
-0.714172 -3.10255
-0.9845 -2.33106
-1.04006 -1.76761
-0.996864 -1.37347
-0.911499 -1.10587
-0.810586 -0.931453
-0.707141 -0.827326
-0.609482 -0.778924
-0.526675 -0.776698
-0.471763 -0.810379
-0.458832 -0.859432
-0.512258 -0.878303
-0.506102 -0.883472
-0.465698 -0.826614
-0.459104 -0.915311
-0.527634 -0.860037
-0.51307 -0.858001
-0.52167 -0.895123
-0.379976 -0.290983
-0.142601 0.787813
1.10489 0.0682128
1.55388 1.50956
-2.90252 2.39327
-1.06125 -1.03781
-1.29238 4.12862
-0.580912 -0.928104
-0.413501 -0.973146
-1.20963 -0.673649
-0.590023 -0.642894
0.995895 0.058654
0.9697 -0.0177395
0.51028 -0.314125
0.735766 -0.8429
1.56485 1.55388
187.266 -26.2771
2.73511 3.39429
0.762095 0.54656
1.17979 -0.0849005
0.97796 0.0157492
1.00507 -0.0861844
0.95999 -0.769189
-0.214655 -0.855587
-1.21465 0.627997
-0.490187 0.839984
-0.50056 0.839113
-0.532954 0.831956
-0.579806 0.849603
-0.631755 0.90299
-0.678249 1.0022
-0.706474 1.15897
-0.697766 1.38748
-0.621511 1.70253
-0.426205 2.11233
-0.0298415 2.60007
0.678684 3.08487
1.79344 3.36254
3.2495 3.08204
4.62479 1.91776
4.62479 -1.91776
3.2495 -3.08204
1.79344 -3.36254
0.678684 -3.08487
-0.0298415 -2.60007
-0.426205 -2.11233
-0.621511 -1.70253
-0.697766 -1.38748
-0.706474 -1.15897
-0.678249 -1.0022
-0.631755 -0.90299
-0.579806 -0.849603
-0.532954 -0.831956
-0.50056 -0.839113
-0.490187 -0.839984
-1.21465 -0.627997
-0.214655 0.855587
0.95999 0.769189
1.00507 0.0861844
0.97796 -0.0157492
1.17979 0.0849005
0.762095 -0.54656
2.73511 -3.39429
187.266 26.2771
1.56485 -1.55388
0.735766 0.8429
0.51028 0.314125
0.9697 0.0177395
0.995895 -0.058654
-0.590023 0.642894
-1.20963 0.673649
0.0031394 -0.706784
-0.590966 0.985205
0.843417 -0.538999
-1.55094 -2.05704
-1.2644 1.23901
-0.359627 0.89211
-0.454666 0.998681
-0.181541 0.459797
0.0442915 1.01083
-0.425781 1.03488
-0.524298 0.86174
-0.544934 0.884418
-0.561506 0.933149
-0.563275 1.01588
-0.536477 1.14056
-0.462789 1.31416
-0.316735 1.53911
-0.0630479 1.80579
0.342376 2.07968
0.939696 2.28373
1.7287 2.28713
2.60843 1.9313
3.34018 1.12939
3.34018 -1.12939
2.60843 -1.9313
1.7287 -2.28713
0.939696 -2.28373
0.342376 -2.07968
-0.0630479 -1.80579
-0.316735 -1.53911
-0.462789 -1.31416
-0.536477 -1.14056
-0.563275 -1.01588
-0.561506 -0.933149
-0.544934 -0.884418
-0.524298 -0.86174
-0.425781 -1.03488
0.0442915 -1.01083
-0.181541 -0.459797
-0.454666 -0.998681
-0.359627 -0.89211
-1.2644 -1.23901
-1.55094 2.05704
0.843417 0.538999
-0.590966 -0.985205
0.0031394 0.706784
-0.494278 -0.888889
-0.508107 -0.824093
-0.282049 0.717568
-0.513702 0.893116
-0.505591 0.929347
-0.476143 0.987513
-0.412189 1.07258
-0.298473 1.18763
-0.117817 1.32995
0.148398 1.48493
0.516874 1.61921
0.992017 1.67623
1.54658 1.58098
2.10107 1.2647
2.52518 0.711562
2.52518 -0.711562
2.10107 -1.2647
1.54658 -1.58098
0.992017 -1.67623
0.516874 -1.61921
0.148398 -1.48493
-0.117817 -1.32995
-0.298473 -1.18763
-0.412189 -1.07258
-0.476143 -0.987513
-0.505591 -0.929347
-0.513702 -0.893116
-0.282049 -0.717568
-0.508107 0.824093
-0.494278 0.888889
-0.220042 -0.733461
1.06447 0.366643
-1.54459 3.903
-0.523606 0.924655
-0.492654 0.885064
-0.470596 0.903613
-0.423177 0.932008
-0.337347 0.973703
-0.200789 1.03189
-0.0045758 1.10498
0.255832 1.18065
0.579558 1.23237
0.955637 1.22127
1.35457 1.10465
1.7224 0.852413
1.98739 0.467863
1.98739 -0.467863
1.7224 -0.852413
1.35457 -1.10465
0.955637 -1.22127
0.579558 -1.23237
0.255832 -1.18065
-0.0045758 -1.10498
-0.200789 -1.03189
-0.337347 -0.973703
-0.423177 -0.932008
-0.470596 -0.903613
-0.492654 -0.885064
-0.523606 -0.924655
-1.54459 -3.903
1.06447 -0.366643
-0.220042 0.733461
-0.451318 -0.803702
-0.458597 -0.907171
-31.9264 -67.1368
0.2885 -0.352718
-0.489698 -0.937034
-0.439193 -0.851048
-0.415907 0.014146
1.03075 0.0660594
-0.836788 0.942133
-0.48534 0.869661
-0.460575 0.868256
-0.40874 0.863269
-0.313868 0.857597
-0.163505 0.859365
0.0436918 0.874903
0.298405 0.898058
0.586758 0.907495
0.891951 0.873756
1.19012 0.769687
1.44741 0.580814
1.6243 0.313979
1.6243 -0.313979
1.44741 -0.580814
1.19012 -0.769687
0.891951 -0.873756
0.586758 -0.907495
0.298405 -0.898058
0.0436918 -0.874903
-0.163505 -0.859365
-0.313868 -0.857597
-0.40874 -0.863269
-0.460575 -0.868256
-0.48534 -0.869661
-0.836788 -0.942133
1.03075 -0.0660594
-0.415907 -0.014146
-0.439193 0.851048
-0.489698 0.937034
0.2885 0.352718
-31.9264 67.1368
-0.458597 0.907171
-0.451318 0.803702
-0.963941 9.92569
-2.44394 -3.28246
-0.724845 -5.54262
-0.487358 0.876887
-0.383017 0.030157
0.0439481 -0.500109
-0.764491 -0.791948
-0.345013 -1.34253
0.680395 -0.783676
1.02781 -0.0975953
1.02232 -0.00451881
-1.3911 0.789746
1.7379 -3.24837
-0.476871 0.837208
-0.437859 0.796381
-0.348043 0.733922
-0.185048 0.67068
0.0438849 0.634365
0.307055 0.627776
0.575898 0.626187
0.833392 0.598709
1.06535 0.523244
1.25383 0.391496
1.37835 0.210245
1.37835 -0.210245
1.25383 -0.391496
1.06535 -0.523244
0.833392 -0.598709
0.575898 -0.626187
0.307055 -0.627776
0.0438849 -0.634365
-0.185048 -0.67068
-0.348043 -0.733922
-0.437859 -0.796381
-0.476871 -0.837208
1.7379 3.24837
-1.3911 -0.789746
1.02232 0.00451881
1.02781 0.0975953
0.680395 0.783676
-0.345013 1.34253
-0.764491 0.791948
0.0439481 0.500109
-0.383017 -0.030157
-0.487358 -0.876887
-0.724845 5.54262
-2.44394 3.28246
-0.963941 -9.92569
0.567519 0.609053
3.33304 3.63642
-0.67502 0.629028
-1.98181 -0.0604052
-1.4704 -3.92603
2.7401 -1.24386
1.35257 0.340688
0.826708 -0.00031974
0.852179 0.128155
3.4006 -12.7363
-1.76951 -0.256133
-1.64398 0.133856
-0.360045 -1.30773
-0.514938 0.828783
-0.517821 0.75559
-0.461617 0.613093
-0.277501 0.449556
0.0113335 0.358758
0.312459 0.351879
0.57669 0.372528
0.799506 0.374009
0.983468 0.335657
1.12481 0.254094
1.21506 0.137026
1.21506 -0.137026
1.12481 -0.254094
0.983468 -0.335657
0.799506 -0.374009
0.57669 -0.372528
0.312459 -0.351879
0.0113335 -0.358758
-0.277501 -0.449556
-0.461617 -0.613093
-0.517821 -0.75559
-0.514938 -0.828783
-0.360045 1.30773
-1.64398 -0.133856
-1.76951 0.256133
3.4006 12.7363
0.852179 -0.128155
0.826708 0.00031974
1.35257 -0.340688
2.7401 1.24386
-1.4704 3.92603
-1.98181 0.0604052
-0.67502 -0.629028
3.33304 -3.63642
0.567519 -0.609053
0.535087 -0.102385
0.957722 -0.0941056
-0.423048 1.1226
-1.12458 3.41593
-73.8344 21.6723
3.96872 7.685
0.477709 1.65757
-0.196368 0.565702
-0.320284 1.01802
-0.481146 0.832281
-0.551672 0.865512
-0.648841 0.79828
-0.724763 0.527798
-0.48991 0.133271
-0.0204268 -0.0126923
0.362426 0.052723
0.61909 0.142755
0.803066 0.191838
0.943366 0.193048
1.04697 0.153524
1.11175 0.0845357
1.11175 -0.0845357
1.04697 -0.153524
0.943366 -0.193048
0.803066 -0.191838
0.61909 -0.142755
0.362426 -0.052723
-0.0204268 0.0126923
-0.48991 -0.133271
-0.724763 -0.527798
-0.648841 -0.79828
-0.551672 -0.865512
-0.481146 -0.832281
-0.320284 -1.01802
-0.196368 -0.565702
0.477709 -1.65757
3.96872 -7.685
-73.8344 -21.6723
-1.12458 -3.41593
-0.423048 -1.1226
0.957722 0.0941056
0.535087 0.102385
-0.493848 -0.855587
-0.597089 -0.673782
-1.25692 -4.80496
-1.44238 2.36697
0.232822 1.49938
0.444774 0.401173
2.16816 0.851182
3.04968 -6.14315
-3.96772 0.14356
-0.938518 1.15322
-0.489054 0.897395
-0.496863 0.883815
-0.519918 0.942556
-0.728297 1.06366
-1.39595 0.698951
-0.983393 -0.588973
0.11156 -0.593866
0.543852 -0.244236
0.727813 -0.0385344
0.846745 0.0590591
0.938609 0.091723
1.00779 0.0828682
1.05149 0.0478892
1.05149 -0.0478892
1.00779 -0.0828682
0.938609 -0.091723
0.846745 -0.0590591
0.727813 0.0385344
0.543852 0.244236
0.11156 0.593866
-0.983393 0.588973
-1.39595 -0.698951
-0.728297 -1.06366
-0.519918 -0.942556
-0.496863 -0.883815
-0.489054 -0.897395
-0.938518 -1.15322
-3.96772 -0.14356
3.04968 6.14315
2.16816 -0.851182
0.444774 -0.401173
0.232822 -1.49938
-1.44238 -2.36697
-1.25692 4.80496
-0.597089 0.673782
-0.493848 0.855587
-1.44827 3.5881
-0.57102 0.886376
0.509507 2.2105
0.557239 -1.37885
-0.483593 -0.875893
-0.310639 -2.86953
1.12616 -0.0524473
0.994308 0.0122486
1.06148 -0.236588
0.13604 -1.34667
-0.961254 -0.858558
-0.401255 0.319902
-0.472486 0.860165
-0.370965 0.912403
-0.136137 1.40971
-2.72977 4.24294
-0.999018 -4.51398
1.00967 -1.11389
0.901446 -0.362356
0.884073 -0.117179
0.913616 -0.0120494
0.95568 0.0307918
0.994126 0.0380749
1.02028 0.024142
1.02028 -0.024142
0.994126 -0.0380749
0.95568 -0.0307918
0.913616 0.0120494
0.884073 0.117179
0.901446 0.362356
1.00967 1.11389
-0.999018 4.51398
-2.72977 -4.24294
-0.136137 -1.40971
-0.370965 -0.912403
-0.472486 -0.860165
-0.401255 -0.319902
-0.961254 0.858558
0.13604 1.34667
1.06148 0.236588
0.994308 -0.0122486
1.12616 0.0524473
-0.310639 2.86953
-0.483593 0.875893
0.557239 1.37885
0.509507 -2.2105
-0.57102 -0.886376
-1.44827 -3.5881
-0.76741 0.973036
1.19714 -0.36039
0.987038 0.0292949
0.81746 0.239073
1.1879 -0.013737
-0.536712 -0.803864
-0.980559 -0.647401
-0.516205 0.816417
-0.404185 0.632939
0.32276 0.188056
1.64554 -5.7823
4.27265 4.47004
1.7554 -0.0805511
1.14646 -0.154932
1.00011 -0.0825184
0.970587 -0.0266759
0.977435 0.00386211
0.99336 0.0140731
1.00653 0.0105099
1.00653 -0.0105099
0.99336 -0.0140731
0.977435 -0.00386211
0.970587 0.0266759
1.00011 0.0825184
1.14646 0.154932
1.7554 0.0805511
4.27265 -4.47004
1.64554 5.7823
0.32276 -0.188056
-0.404185 -0.632939
-0.516205 -0.816417
-0.980559 0.647401
-0.536712 0.803864
1.1879 0.013737
0.81746 -0.239073
0.987038 -0.0292949
1.19714 0.36039
-0.76741 -0.973036
-0.50041 -0.876785
-1.44879 -0.268351
-3.69161 -2.00131
-0.0969542 1.44468
-0.502392 0.884882
-0.61266 0.919269
-0.962146 0.551429
-0.714742 -0.536143
-0.594668 -0.684709
0.229922 0.643075
1.08542 0.285057
1.08701 0.0251415
1.02552 -0.0217026
1.02552 0.0217026
1.08701 -0.0251415
1.08542 -0.285057
0.229922 -0.643075
-0.594668 0.684709
-0.714742 0.536143
-0.962146 -0.551429
-0.61266 -0.919269
-0.502392 -0.884882
-0.0969542 -1.44468
-3.69161 2.00131
-1.44879 0.268351
-0.50041 0.876785
1.07962 -1.51809
-1.76238 1.2278
0.99033 0.141838
-0.340787 0.891254
1.32914 0.336439
-0.445481 0.842051
-0.261231 1.20759
-2.271 2.27115
-1.56378 -2.6137
0.450875 -1.00179
0.676254 -0.134519
0.918025 0.060361
1.00581 0.0306546
1.00581 -0.0306546
0.918025 -0.060361
0.676254 0.134519
0.450875 1.00179
-1.56378 2.6137
-2.271 -2.27115
-0.261231 -1.20759
-0.445481 -0.842051
1.32914 -0.336439
-0.340787 -0.891254
0.99033 -0.141838
-1.76238 -1.2278
1.07962 1.51809
-0.342623 -0.88686
-1.75058 0.823009
2.29702 -0.0860572
1.06258 -0.126594
-0.521355 0.893072
-0.507047 0.882704
-0.801336 0.763797
0.837498 0.13992
9.45876 -4.10264
8.94454 1.33581
1.62172 -0.350935
1.02683 -0.134056
0.974158 -0.0197846
0.974158 0.0197846
1.02683 0.134056
1.62172 0.350935
8.94454 -1.33581
9.45876 4.10264
0.837498 -0.13992
-0.801336 -0.763797
-0.507047 -0.882704
-0.521355 -0.893072
1.06258 0.126594
2.29702 0.0860572
-1.75058 -0.823009
-0.342623 0.88686
-0.544221 -0.870841
-0.506156 0.956495
1.09545 -0.28734
-0.749678 0.0836071
-0.451355 -0.880286
0.13853 -0.303291
-0.459893 0.823859
0.383846 0.674256
-0.753807 -0.802654
-0.920376 -0.876096
-0.152869 1.29769
1.05047 0.285359
1.04316 0.0116182
1.04316 -0.0116182
1.05047 -0.285359
-0.152869 -1.29769
-0.920376 0.876096
-0.753807 0.802654
0.383846 -0.674256
-0.459893 -0.823859
0.13853 0.303291
-0.451355 0.880286
-0.749678 -0.0836071
1.09545 0.28734
-0.506156 -0.956495
-0.544221 0.870841
1.44547 0.153591
-0.219701 1.21901
1.41481 -1.25243
-0.497392 0.886017
-0.698837 0.864297
-0.932769 -0.0555155
-0.548505 -0.89118
-0.784762 -0.893803
1.49982 -2.19795
0.916985 -0.0380404
0.994456 0.00971459
0.994456 -0.00971459
0.916985 0.0380404
1.49982 2.19795
-0.784762 0.893803
-0.548505 0.89118
-0.932769 0.0555155
-0.698837 -0.864297
-0.497392 -0.886017
1.41481 1.25243
-0.219701 -1.21901
1.44547 -0.153591
-0.207785 -0.308783
1.30272 2.60552
0.340978 -0.707667
-1.17468 0.713708
-0.506636 0.875618
-0.355286 0.699124
-0.254058 1.92699
-4.46834 -0.673896
0.126702 -1.82058
0.421516 -0.307308
0.986491 0.150276
1.01528 -0.00640181
1.01528 0.00640181
0.986491 -0.150276
0.421516 0.307308
0.126702 1.82058
-4.46834 0.673896
-0.254058 -1.92699
-0.355286 -0.699124
-0.506636 -0.875618
-1.17468 -0.713708
0.340978 0.707667
1.30272 -2.60552
-0.207785 0.308783
-0.703297 -0.804485
-2.57135 3.49706
1.26406 -0.0590214
-0.552293 -0.869167
0.98981 -3.70354
-0.628949 0.729942
1.01961 0.0637607
2.26363 -0.685843
-32.5905 54.6932
2.60058 -0.100797
1.09848 -0.15171
0.982266 -0.0116203
0.982266 0.0116203
1.09848 0.15171
2.60058 0.100797
-32.5905 -54.6932
2.26363 0.685843
1.01961 -0.0637607
-0.628949 -0.729942
0.98981 3.70354
-0.552293 0.869167
1.26406 0.0590214
-2.57135 -3.49706
-0.703297 0.804485
8.66156 29.1166
1.26337 -0.268529
0.958726 0.0466086
-0.516263 0.862126
0.545676 0.211405
-0.658404 -0.670283
-0.485857 -0.93488
-1.10594 0.732976
0.543462 0.632466
1.00552 0.0512909
1.00552 -0.0512909
0.543462 -0.632466
-1.10594 -0.732976
-0.485857 0.93488
-0.658404 0.670283
0.545676 -0.211405
-0.516263 -0.862126
0.958726 -0.0466086
1.26337 0.268529
8.66156 -29.1166
-0.485056 -0.861933
1.10273 -0.164584
-0.50128 0.816308
0.437961 0.820618
3.48795 0.910458
1.09299 0.223193
-0.440876 0.800518
0.328103 -0.61966
1.2801 1.60147
2.22738 1.23236
2.22738 -1.23236
1.2801 -1.60147
0.328103 0.61966
-0.440876 -0.800518
1.09299 -0.223193
3.48795 -0.910458
0.437961 -0.820618
-0.50128 -0.816308
1.10273 0.164584
-0.485056 0.861933
-0.488287 -0.866318
0.0354455 -1.74202
17.1254 -12.7816
0.995764 -0.141998
-0.750969 0.997866
-0.511325 -0.860284
-0.447588 0.881993
-0.907073 0.982794
-1.20597 -0.544845
-0.455185 -0.955605
-0.827533 -1.0921
0.353481 0.679678
1.01527 -0.0290154
1.01527 0.0290154
0.353481 -0.679678
-0.827533 1.0921
-0.455185 0.955605
-1.20597 0.544845
-0.907073 -0.982794
-0.447588 -0.881993
-0.511325 0.860284
-0.750969 -0.997866
0.995764 0.141998
17.1254 12.7816
0.0354455 1.74202
-0.488287 0.866318
-0.498903 -0.854734
-0.653229 -0.320504
-0.3463 1.18244
0.861061 0.0136377
-0.444544 0.0967406
-1.0008 -0.501614
-1.08176 -0.231405
0.524751 0.283655
0.87999 4.13301
-3.28459 -6.18122
0.731778 -1.23115
0.660073 0.0614096
1.03065 -0.0163874
1.03065 0.0163874
0.660073 -0.0614096
0.731778 1.23115
-3.28459 6.18122
0.87999 -4.13301
0.524751 -0.283655
-1.08176 0.231405
-1.0008 0.501614
-0.444544 -0.0967406
0.861061 -0.0136377
-0.3463 -1.18244
-0.653229 0.320504
-0.498903 0.854734
-0.516245 -0.867881
-4.06407 3.05859
-0.704704 0.865572
0.645539 0.3522
0.328471 0.224792
-3.59383 0.603897
-0.548717 0.90648
-0.560987 1.00739
1.32838 -0.116617
0.877798 0.0684774
0.00564862 -3.60041
1.24397 6.31017
1.51699 0.177685
1.01676 -0.0304351
1.01676 0.0304351
1.51699 -0.177685
1.24397 -6.31017
0.00564862 3.60041
0.877798 -0.0684774
1.32838 0.116617
-0.560987 -1.00739
-0.548717 -0.90648
-3.59383 -0.603897
0.328471 -0.224792
0.645539 -0.3522
-0.704704 -0.865572
-4.06407 -3.05859
-0.516245 0.867881
-0.488509 -0.877082
-0.333257 -1.34896
-16.0886 21.9463
1.43107 0.047074
1.00913 0.00926856
0.725405 -0.0106238
-1.87389 0.233854
1.10633 -0.10109
-0.467113 -0.694525
-0.516138 0.969425
0.58449 -0.0416137
0.58449 0.0416137
-0.516138 -0.969425
-0.467113 0.694525
1.10633 0.10109
-1.87389 -0.233854
0.725405 0.0106238
1.00913 -0.00926856
1.43107 -0.047074
-16.0886 -21.9463
-0.333257 1.34896
-0.488509 0.877082
-0.635208 -0.644225
-0.648244 0.780878
0.428723 0.138659
0.967937 -0.0292976
1.04918 0.0207071
0.46116 -1.29545
-0.00237319 2.21823
-0.61363 0.939538
-0.482853 -0.576109
-0.224459 -0.897353
0.825364 -0.296075
0.825364 0.296075
-0.224459 0.897353
-0.482853 0.576109
-0.61363 -0.939538
-0.00237319 -2.21823
0.46116 1.29545
1.04918 -0.0207071
0.967937 0.0292976
0.428723 -0.138659
-0.648244 -0.780878
-0.635208 0.644225
-0.483389 -0.873764
-0.293976 -0.956824
4.60016 -2.25098
2.69336 -1.31188
1.13015 0.0145877
1.00436 0.0156955
1.01477 -0.0300366
1.06749 1.27622
-0.426759 -0.580667
-0.451836 0.835226
-0.510534 0.892211
-0.606315 0.484885
-0.513309 -0.725127
-0.320512 0.218878
1.47507 -0.39162
1.47507 0.39162
-0.320512 -0.218878
-0.513309 0.725127
-0.606315 -0.484885
-0.510534 -0.892211
-0.451836 -0.835226
-0.426759 0.580667
1.06749 -1.27622
1.01477 0.0300366
1.00436 -0.0156955
1.13015 -0.0145877
2.69336 1.31188
4.60016 2.25098
-0.293976 0.956824
-0.483389 0.873764
-0.520632 -0.874911
-0.663815 -0.930076
-1.58079 -0.348305
0.303793 1.10319
0.874552 0.2208
0.942886 0.014236
0.991733 -0.0167497
0.992812 -0.01036
1.0491 0.00736756
0.637148 0.229642
-0.852956 -1.36456
-0.506048 1.21482
-0.239996 -0.819199
3.78597 -5.49246
0.157964 1.24415
-2.73051 1.25879
-0.842319 -1.59387
-0.27659 -0.709293
3.43113 2.36702
1.03452 -0.545213
1.03452 0.545213
3.43113 -2.36702
-0.27659 0.709293
-0.842319 1.59387
-2.73051 -1.25879
0.157964 -1.24415
3.78597 5.49246
-0.239996 0.819199
-0.506048 -1.21482
-0.852956 1.36456
0.637148 -0.229642
1.0491 -0.00736756
0.992812 0.01036
0.991733 0.0167497
0.942886 -0.014236
0.874552 -0.2208
0.303793 -1.10319
-1.58079 0.348305
-0.663815 0.930076
-0.520632 0.874911
-0.503528 -0.837248
-0.530164 -0.730866
-0.452096 -0.375018
0.0906264 -0.0291844
0.621256 -0.0690947
0.893886 -0.11486
1.02296 -0.0718465
1.0491 0.0046876
0.997011 0.0490299
0.915705 -0.00454829
0.959668 -0.299558
3.99364 -4.76882
0.55029 0.977535
-0.486715 0.825679
-0.783462 0.31263
2.06662 -0.583694
2.91968 -1.77294
0.893188 -0.316691
1.02026 0.0374065
1.02026 -0.0374065
0.893188 0.316691
2.91968 1.77294
2.06662 0.583694
-0.783462 -0.31263
-0.486715 -0.825679
0.55029 -0.977535
3.99364 4.76882
0.959668 0.299558
0.915705 0.00454829
0.997011 -0.0490299
1.0491 -0.0046876
1.02296 0.0718465
0.893886 0.11486
0.621256 0.0690947
0.0906264 0.0291844
-0.452096 0.375018
-0.530164 0.730866
-0.503528 0.837248
-0.489676 -0.86978
-0.459376 -0.856302
-0.377315 -0.796969
-0.171171 -0.670308
0.205105 -0.540771
0.632515 -0.457696
0.969999 -0.344792
1.15671 -0.160511
1.17176 0.0449266
1.03376 0.184098
0.782836 0.180486
0.370228 -0.0290576
-0.64895 -0.0476961
-0.708659 0.895044
-0.506306 0.879337
1.80964 0.117558
0.784457 -0.537961
0.473088 8.89191
-0.545381 -0.800325
-0.520513 -1.05558
-2.09274 1.14644
0.89974 1.0851
1.0328 0.0428933
1.0328 -0.0428933
0.89974 -1.0851
-2.09274 -1.14644
-0.520513 1.05558
-0.545381 0.800325
0.473088 -8.89191
0.784457 0.537961
1.80964 -0.117558
-0.506306 -0.879337
-0.708659 -0.895044
-0.64895 0.0476961
0.370228 0.0290576
0.782836 -0.180486
1.03376 -0.184098
1.17176 -0.0449266
1.15671 0.160511
0.969999 0.344792
0.632515 0.457696
0.205105 0.540771
-0.171171 0.670308
-0.377315 0.796969
-0.459376 0.856302
-0.489676 0.86978
-0.4999 -0.889676
-0.458693 -0.919415
-0.343999 -0.950581
-0.107409 -0.971741
0.273796 -0.968016
0.750445 -0.890791
1.20074 -0.663695
1.46975 -0.276151
1.45296 0.155037
1.17529 0.464343
0.747964 0.572427
0.249053 0.544735
-0.244584 0.595326
-0.476296 0.778389
-0.499394 0.855354
1.26631 -0.580613
-0.851755 0.828074
-0.851755 -0.828074
1.26631 0.580613
-0.499394 -0.855354
-0.476296 -0.778389
-0.244584 -0.595326
0.249053 -0.544735
0.747964 -0.572427
1.17529 -0.464343
1.45296 -0.155037
1.46975 0.276151
1.20074 0.663695
0.750445 0.890791
0.273796 0.968016
-0.107409 0.971741
-0.343999 0.950581
-0.458693 0.919415
-0.4999 0.889676
-0.522337 -0.859281
-0.542311 -0.897097
-0.52887 -0.980731
-0.435982 -1.11511
-0.202426 -1.29164
0.234355 -1.46016
0.887651 -1.48579
1.6204 -1.16948
2.09492 -0.445632
2.01239 0.405156
1.45737 0.970653
0.770633 1.12778
0.18853 1.04698
-0.213598 0.940597
-0.421351 0.89307
-0.488667 0.875596
-0.619069 0.519833
-0.478561 -0.910834
-0.926253 -1.2611
0.877053 -0.352909
0.877053 0.352909
-0.926253 1.2611
-0.478561 0.910834
-0.619069 -0.519833
-0.488667 -0.875596
-0.421351 -0.89307
-0.213598 -0.940597
0.18853 -1.04698
0.770633 -1.12778
1.45737 -0.970653
2.01239 -0.405156
2.09492 0.445632
1.6204 1.16948
0.887651 1.48579
0.234355 1.46016
-0.202426 1.29164
-0.435982 1.11511
-0.52887 0.980731
-0.542311 0.897097
-0.522337 0.859281
-0.529382 -0.885
-0.139932 -1.23694
-0.0374268 -1.29268
-1.98724 -7.1053
-0.439855 -0.969226
-0.51554 -0.868601
-0.495353 -0.855024
-0.479691 -0.874361
-0.493826 -0.900447
-0.514696 -0.89149
-0.490266 -0.86866
-0.510036 -0.881004
-0.475943 -0.876157
-0.479843 -0.831631
-0.537669 -0.812196
-0.615868 -0.857761
-0.675562 -0.989678
-0.667443 -1.23138
-0.507064 -1.60417
-0.0464402 -2.07834
0.901769 -2.44111
2.29661 -2.15732
3.36211 -0.774232
3.09511 1.00857
1.83944 1.94063
0.657023 1.92385
-0.0546517 1.54907
-0.392832 1.20158
-0.512397 0.986822
-0.524039 0.888062
-0.453671 0.510481
1.14399 -0.728979
-0.799945 1.34999
-0.506886 0.827955
-0.579332 0.877929
-0.280377 0.0694593
-0.484995 -0.853398
-0.83291 -0.674619
-0.433101 -2.31595
-0.759507 -0.81653
-0.759507 0.81653
-0.433101 2.31595
-0.83291 0.674619
-0.484995 0.853398
-0.280377 -0.0694593
-0.579332 -0.877929
-0.506886 -0.827955
-0.799945 -1.34999
1.14399 0.728979
-0.453671 -0.510481
-0.524039 -0.888062
-0.512397 -0.986822
-0.392832 -1.20158
-0.0546517 -1.54907
0.657023 -1.92385
1.83944 -1.94063
3.09511 -1.00857
3.36211 0.774232
2.29661 2.15732
0.901769 2.44111
-0.0464402 2.07834
-0.507064 1.60417
-0.667443 1.23138
-0.675562 0.989678
-0.615868 0.857761
-0.537669 0.812196
-0.479843 0.831631
-0.475943 0.876157
-0.510036 0.881004
-0.490266 0.86866
-0.514696 0.89149
-0.493826 0.900447
-0.479691 0.874361
-0.495353 0.855024
-0.51554 0.868601
-0.439855 0.969226
-1.98724 7.1053
-0.0374268 1.29268
-0.139932 1.23694
-0.529382 0.885
-0.626207 -0.750895
-0.431269 -0.940464
-0.714412 -0.551544
-0.491808 0.652064
3.40969 3.34818
0.272371 -1.53417
-0.901354 0.275591
-0.729469 -1.25575
-0.149513 -0.65946
-191.276 -86.8705
-0.00856368 0.678083
-0.821486 -0.905674
-0.315951 -0.90424
-0.796952 -0.779351
-0.302256 -0.711084
-0.629279 -0.921703
-0.395981 -0.897755
-0.532631 -0.759842
-0.587679 -0.952102
-0.39729 -0.938656
-0.398223 -0.774447
-0.533268 -0.69738
-0.706547 -0.733089
-0.884447 -0.889531
-1.03992 -1.21056
-1.09931 -1.78768
-0.838015 -2.74227
0.323484 -4.0143
3.18449 -4.49649
6.30834 -1.6687
5.29933 2.78103
1.96585 3.96166
-0.00395346 3.01338
-0.668823 1.97508
-0.781562 1.31189
-0.706967 0.962876
-0.583455 0.826336
-0.49072 0.83153
-0.574701 0.67002
3.44205 3.2125
0.634493 0.55045
-0.9877 2.25229
-1.8155 -0.787897
-0.495253 -1.01293
-0.518496 -0.858713
-1.47676 -1.38758
-0.520665 0.929097
-0.520665 -0.929097
-1.47676 1.38758
-0.518496 0.858713
-0.495253 1.01293
-1.8155 0.787897
-0.9877 -2.25229
0.634493 -0.55045
3.44205 -3.2125
-0.574701 -0.67002
-0.49072 -0.83153
-0.583455 -0.826336
-0.706967 -0.962876
-0.781562 -1.31189
-0.668823 -1.97508
-0.00395346 -3.01338
1.96585 -3.96166
5.29933 -2.78103
6.30834 1.6687
3.18449 4.49649
0.323484 4.0143
-0.838015 2.74227
-1.09931 1.78768
-1.03992 1.21056
-0.884447 0.889531
-0.706547 0.733089
-0.533268 0.69738
-0.398223 0.774447
-0.39729 0.938656
-0.587679 0.952102
-0.532631 0.759842
-0.395981 0.897755
-0.629279 0.921703
-0.302256 0.711084
-0.796952 0.779351
-0.315951 0.90424
-0.821486 0.905674
-0.00856368 -0.678083
-191.276 86.8705
-0.149513 0.65946
-0.729469 1.25575
-0.901354 -0.275591
0.272371 1.53417
3.40969 -3.34818
-0.491808 -0.652064
-0.714412 0.551544
-0.431269 0.940464
-0.626207 0.750895
-2.22161 -0.947394
0.234013 -1.75686
0.694317 -0.296221
0.753122 0.13541
-0.0996601 6.04773
2.52561 -5.41826
1.18386 -0.415815
0.643655 1.93953
-2.8786 -6.13448
0.975825 -0.86134
1.13568 0.25127
-0.524079 1.15144
-1.51972 -2.5152
0.31654 -0.894113
-0.595616 0.0113783
-1.09229 -1.65227
0.00901704 -1.08089
-0.201793 -0.59704
-0.500954 -0.471768
-0.793287 -0.494065
-1.1093 -0.632987
-1.48698 -0.94201
-1.95372 -1.58124
-2.43309 -2.94675
-2.19626 -5.92136
2.53989 -10.7823
15.5125 -5.67775
9.71883 9.9229
-0.117874 7.84209
-1.95356 3.89411
-1.75274 1.96858
-1.32363 1.10982
-0.943132 0.734494
-0.616293 0.619331
-0.353227 0.737594
-0.468426 1.04306
-0.522939 0.727561
-0.559966 0.98811
-0.420079 1.14687
-0.463169 1.00713
0.214461 1.87164
-0.827898 0.458528
-0.798253 0.283953
3.49047 1.18768
-1.38186 0.8034
-0.472581 0.334605
-0.525096 -0.814362
14.7308 23.2669
-0.482352 -2.35151
-0.485929 0.923178
1.01618 -1.58653
-0.487858 0.865829
1.01427 0.00716769
1.47255 -0.745133
32.1176 3.56578
2.24749 -5.98836
0.603691 -0.981135
0.240294 0.874644
1.04232 0.618034
0.976528 -0.0640323
0.976528 0.0640323
1.04232 -0.618034
0.240294 -0.874644
0.603691 0.981135
2.24749 5.98836
32.1176 -3.56578
1.47255 0.745133
1.01427 -0.00716769
-0.487858 -0.865829
1.01618 1.58653
-0.485929 -0.923178
-0.482352 2.35151
14.7308 -23.2669
-0.525096 0.814362
-0.472581 -0.334605
-1.38186 -0.8034
3.49047 -1.18768
-0.798253 -0.283953
-0.827898 -0.458528
0.214461 -1.87164
-0.463169 -1.00713
-0.420079 -1.14687
-0.559966 -0.98811
-0.522939 -0.727561
-0.468426 -1.04306
-0.353227 -0.737594
-0.616293 -0.619331
-0.943132 -0.734494
-1.32363 -1.10982
-1.75274 -1.96858
-1.95356 -3.89411
-0.117874 -7.84209
9.71883 -9.9229
15.5125 5.67775
2.53989 10.7823
-2.19626 5.92136
-2.43309 2.94675
-1.95372 1.58124
-1.48698 0.94201
-1.1093 0.632987
-0.793287 0.494065
-0.500954 0.471768
-0.201793 0.59704
0.00901704 1.08089
-1.09229 1.65227
-0.595616 -0.0113783
0.31654 0.894113
-1.51972 2.5152
-0.524079 -1.15144
1.13568 -0.25127
0.975825 0.86134
-2.8786 6.13448
0.643655 -1.93953
1.18386 0.415815
2.52561 5.41826
-0.0996601 -6.04773
0.753122 -0.13541
0.694317 0.296221
0.234013 1.75686
-2.22161 0.947394
-44.9433 25.3727
4.62773 -0.485447
1.29145 0.105933
0.643246 0.0604694
-1.33652 -3.44467
-0.165605 4.00826
0.859085 0.570045
1.01892 -0.0147402
1.01605 -0.0689806
-0.0326571 -1.96288
-1.74472 5.77546
1.11887 0.656492
1.03282 -0.00206495
1.45356 -2.39112
5.92969 7.75054
1.22361 0.170368
2.73874 -0.338123
12.3649 -3.43424
0.967101 -0.259577
-0.0212075 -0.134714
-0.481804 -0.122469
-0.856809 -0.149816
-1.27205 -0.221619
-1.83544 -0.377565
-2.72892 -0.732038
-4.36071 -1.6557
-7.76398 -4.71913
-13.7403 -19.7618
65.8923 -61.7285
-3.12891 46.9193
-9.81908 9.04541
-5.09121 2.59456
-2.8979 1.00853
-1.79012 0.478722
-1.12564 0.274309
-0.617915 0.207651
-0.0180659 0.276425
1.88485 1.86013
1.35815 -0.88817
5.42667 1.16069
1.0782 0.0797483
2.26244 -1.26628
0.622301 0.644016
0.876268 -0.0182842
-4.14985 0.875713
0.80536 -0.09878
-2.23267 4.9655
0.852198 0.573832
-1.4597 -0.66479
-0.485991 0.310395
-0.523978 -0.915706
0.364207 0.541509
-0.660865 0.965711
1.14193 -0.148603
-0.0616222 -2.75456
-0.590717 -1.09841
-3.35891 1.01944
1.84186 1.81972
1.2036 -0.0394277
1.2036 0.0394277
1.84186 -1.81972
-3.35891 -1.01944
-0.590717 1.09841
-0.0616222 2.75456
1.14193 0.148603
-0.660865 -0.965711
0.364207 -0.541509
-0.523978 0.915706
-0.485991 -0.310395
-1.4597 0.66479
0.852198 -0.573832
-2.23267 -4.9655
0.80536 0.09878
-4.14985 -0.875713
0.876268 0.0182842
0.622301 -0.644016
2.26244 1.26628
1.0782 -0.0797483
5.42667 -1.16069
1.35815 0.88817
1.88485 -1.86013
-0.0180659 -0.276425
-0.617915 -0.207651
-1.12564 -0.274309
-1.79012 -0.478722
-2.8979 -1.00853
-5.09121 -2.59456
-9.81908 -9.04541
-3.12891 -46.9193
65.8923 61.7285
-13.7403 19.7618
-7.76398 4.71913
-4.36071 1.6557
-2.72892 0.732038
-1.83544 0.377565
-1.27205 0.221619
-0.856809 0.149816
-0.481804 0.122469
-0.0212075 0.134714
0.967101 0.259577
12.3649 3.43424
2.73874 0.338123
1.22361 -0.170368
5.92969 -7.75054
1.45356 2.39112
1.03282 0.00206495
1.11887 -0.656492
-1.74472 -5.77546
-0.0326571 1.96288
1.01605 0.0689806
1.01892 0.0147402
0.859085 -0.570045
-0.165605 -4.00826
-1.33652 3.44467
0.643246 -0.0604694
1.29145 -0.105933
4.62773 0.485447
-44.9433 -25.3727
-4.2701 -3.13726
-0.464894 2.68482
0.345966 0.683194
1.57469 -0.411972
0.997308 0.140435
1.60582 0.289524
-0.39253 -0.252729
-0.665299 0.989881
-0.37922 0.742286
0.866708 1.52116
1.86846 3.56441
0.0885766 0.0733223
-0.713735 1.01358
-0.258048 0.786248
-1.67418 1.23315
-0.587815 0.186773
-0.693489 1.4
-0.00239393 0.742721
-0.924349 0.131535
-0.71897 2.03309
0.242716 0.897202
-0.149507 0.392397
-0.522479 0.259687
-0.879231 0.234292
-1.2975 0.264021
-1.88539 0.354467
-2.85545 0.561788
-4.75153 1.08886
-9.40728 2.88171
-26.0772 14.1582
50.5265 287.606
-50.9861 -55.1466
-14.0068 -5.73181
-5.84667 -1.6362
-3.10568 -0.723605
-1.86297 -0.416876
-1.16096 -0.302652
-0.660287 -0.297055
-0.190456 -0.475699
-0.112243 -1.32644
-0.728311 -0.539268
-0.435007 -1.04605
-0.366645 -0.862037
-0.474638 -0.871535
-0.509422 -0.882847
-0.49667 -0.88234
-2.05586 -1.48326
2.941 1.20459
-0.353272 -1.15986
0.438802 1.49931
0.98833 0.00902401
0.461665 -0.264894
-0.527563 0.847527
1.11447 -0.258249
-0.630785 -1.18669
-0.580115 0.833645
-0.133075 0.612433
0.94566 -0.0157889
0.94566 0.0157889
-0.133075 -0.612433
-0.580115 -0.833645
-0.630785 1.18669
1.11447 0.258249
-0.527563 -0.847527
0.461665 0.264894
0.98833 -0.00902401
0.438802 -1.49931
-0.353272 1.15986
2.941 -1.20459
-2.05586 1.48326
-0.49667 0.88234
-0.509422 0.882847
-0.474638 0.871535
-0.366645 0.862037
-0.435007 1.04605
-0.728311 0.539268
-0.112243 1.32644
-0.190456 0.475699
-0.660287 0.297055
-1.16096 0.302652
-1.86297 0.416876
-3.10568 0.723605
-5.84667 1.6362
-14.0068 5.73181
-50.9861 55.1466
50.5265 -287.606
-26.0772 -14.1582
-9.40728 -2.88171
-4.75153 -1.08886
-2.85545 -0.561788
-1.88539 -0.354467
-1.2975 -0.264021
-0.879231 -0.234292
-0.522479 -0.259687
-0.149507 -0.392397
0.242716 -0.897202
-0.71897 -2.03309
-0.924349 -0.131535
-0.00239393 -0.742721
-0.693489 -1.4
-0.587815 -0.186773
-1.67418 -1.23315
-0.258048 -0.786248
-0.713735 -1.01358
0.0885766 -0.0733223
1.86846 -3.56441
0.866708 -1.52116
-0.37922 -0.742286
-0.665299 -0.989881
-0.39253 0.252729
1.60582 -0.289524
0.997308 -0.140435
1.57469 0.411972
0.345966 -0.683194
-0.464894 -2.68482
-4.2701 3.13726
-0.7586 -0.414086
-0.694034 0.878993
-0.45185 0.852828
-0.443784 0.925618
-0.166988 0.873308
-0.730406 0.856221
0.347347 -0.138708
-0.53194 0.863555
-0.505367 0.885932
-0.500708 0.833759
-0.511476 0.908537
-0.594059 0.814944
-0.522203 1.02631
-0.30173 0.892941
-0.36983 0.661603
-0.579851 0.557966
-0.84404 0.570319
-1.16784 0.695543
-1.59606 0.986991
-2.20291 1.60773
-3.05452 3.01753
-3.7612 6.59363
0.422591 15.3096
25.3167 11.3189
11.9178 -17.8878
-2.22895 -9.82203
-2.90535 -4.16509
-2.11702 -2.0232
-1.47016 -1.15556
-1.01571 -0.78859
-0.683911 -0.672805
-0.461264 -0.738866
-0.446917 -0.89058
-0.517346 -0.869161
1.04112 0.478467
-0.560081 0.734678
-0.506835 0.884175
-0.441964 0.860322
3.01131 -2.01714
-0.511995 -0.877102
-0.392545 0.882846
-0.521304 0.81817
0.992502 -0.0329909
0.992502 0.0329909
-0.521304 -0.81817
-0.392545 -0.882846
-0.511995 0.877102
3.01131 2.01714
-0.441964 -0.860322
-0.506835 -0.884175
-0.560081 -0.734678
1.04112 -0.478467
-0.517346 0.869161
-0.446917 0.89058
-0.461264 0.738866
-0.683911 0.672805
-1.01571 0.78859
-1.47016 1.15556
-2.11702 2.0232
-2.90535 4.16509
-2.22895 9.82203
11.9178 17.8878
25.3167 -11.3189
0.422591 -15.3096
-3.7612 -6.59363
-3.05452 -3.01753
-2.20291 -1.60773
-1.59606 -0.986991
-1.16784 -0.695543
-0.84404 -0.570319
-0.579851 -0.557966
-0.36983 -0.661603
-0.30173 -0.892941
-0.522203 -1.02631
-0.594059 -0.814944
-0.511476 -0.908537
-0.500708 -0.833759
-0.505367 -0.885932
-0.53194 -0.863555
0.347347 0.138708
-0.730406 -0.856221
-0.166988 -0.873308
-0.443784 -0.925618
-0.45185 -0.852828
-0.694034 -0.878993
-0.7586 0.414086
2.24257 -1.08602
-0.514687 0.867611
-0.490423 0.893777
-0.448488 0.853586
-0.483128 0.77704
-0.596175 0.746369
-0.754571 0.802197
-0.938809 0.97622
-1.13183 1.32996
-1.27633 1.98798
-1.14885 3.16595
0.00267218 5.01966
3.80315 6.3612
8.96778 2.50372
7.1212 -4.4289
2.01648 -5.41672
-0.306207 -3.68089
-0.870909 -2.27036
-0.880564 -1.46305
-0.75693 -1.04953
-0.622296 -0.872562
-0.525666 -0.837429
0.976951 0.0964487
0.390775 1.0299
-0.79583 1.24422
-0.760822 0.251773
-0.335043 -0.757973
-0.0337196 1.03676
-0.0337196 -1.03676
-0.335043 0.757973
-0.760822 -0.251773
-0.79583 -1.24422
0.390775 -1.0299
0.976951 -0.0964487
-0.525666 0.837429
-0.622296 0.872562
-0.75693 1.04953
-0.880564 1.46305
-0.870909 2.27036
-0.306207 3.68089
2.01648 5.41672
7.1212 4.4289
8.96778 -2.50372
3.80315 -6.3612
0.00267218 -5.01966
-1.14885 -3.16595
-1.27633 -1.98798
-1.13183 -1.32996
-0.938809 -0.97622
-0.754571 -0.802197
-0.596175 -0.746369
-0.483128 -0.77704
-0.448488 -0.853586
-0.490423 -0.893777
-0.514687 -0.867611
2.24257 1.08602
-0.491391 0.853993
-0.570847 0.847507
-0.640151 0.920971
-0.696064 1.08736
-0.694549 1.38577
-0.546275 1.86003
-0.0632023 2.5099
1.06501 3.11308
2.94867 2.91041
4.52419 1.02818
4.0862 -1.51422
2.25905 -2.66687
0.743831 -2.46992
-0.0492508 -1.88645
-0.384037 -1.39345
-0.500787 -1.08511
-0.522573 -0.931216
-0.0288504 -1.29816
102.381 -20.0176
0.782411 0.295455
1.38258 -0.472143
3.43776 2.26186
-3.97596 3.00588
-1.72168 -0.960084
-0.614238 -0.938555
-0.475791 -1.02955
-1.1175 1.41578
-0.442557 -0.404137
0.861486 -0.591041
0.861486 0.591041
-0.442557 0.404137
-1.1175 -1.41578
-0.475791 1.02955
-0.614238 0.938555
-1.72168 0.960084
-3.97596 -3.00588
3.43776 -2.26186
1.38258 0.472143
0.782411 -0.295455
102.381 20.0176
-0.0288504 1.29816
-0.522573 0.931216
-0.500787 1.08511
-0.384037 1.39345
-0.0492508 1.88645
0.743831 2.46992
2.25905 2.66687
4.0862 1.51422
4.52419 -1.02818
2.94867 -2.91041
1.06501 -3.11308
-0.0632023 -2.5099
-0.546275 -1.86003
-0.694549 -1.38577
-0.696064 -1.08736
-0.640151 -0.920971
-0.570847 -0.847507
-0.491391 -0.853993
-0.513276 0.863747
-0.530388 0.886471
-0.536917 0.948462
-0.504012 1.06824
-0.387899 1.26166
-0.123898 1.52665
0.37336 1.80227
1.16108 1.90599
2.10726 1.53862
2.74438 0.562959
2.60932 -0.612067
1.84729 -1.357
0.986906 -1.51851
0.335309 -1.3528
-0.083928 -1.12356
-0.33083 -0.963418
-0.451653 -0.892317
-0.407002 -0.828772
-0.129101 -1.98169
-1.61224 -15.7625
6.01536 -30.0627
0.257785 -2.89895
-0.0868547 -1.03508
-0.556747 -0.777723
-0.500208 -0.854327
-0.261676 0.707314
-0.47122 0.898652
1.17901 -0.240781
-0.662513 -1.764
-0.662513 1.764
1.17901 0.240781
-0.47122 -0.898652
-0.261676 -0.707314
-0.500208 0.854327
-0.556747 0.777723
-0.0868547 1.03508
0.257785 2.89895
6.01536 30.0627
-1.61224 15.7625
-0.129101 1.98169
-0.407002 0.828772
-0.451653 0.892317
-0.33083 0.963418
-0.083928 1.12356
0.335309 1.3528
0.986906 1.51851
1.84729 1.357
2.60932 0.612067
2.74438 -0.562959
2.10726 -1.53862
1.16108 -1.90599
0.37336 -1.80227
-0.123898 -1.52665
-0.387899 -1.26166
-0.504012 -1.06824
-0.536917 -0.948462
-0.530388 -0.886471
-0.513276 -0.863747
-0.49849 0.886152
-0.470769 0.918059
-0.391669 0.973253
-0.22463 1.05711
0.0642277 1.16156
0.490801 1.23859
1.02676 1.18656
1.5563 0.894008
1.87761 0.354254
1.83537 -0.258092
1.47116 -0.704971
0.968853 -0.883433
0.478293 -0.857583
0.0499442 -0.765545
-0.287969 -0.741686
-0.463069 -0.806503
-0.499354 -0.854891
-1.23595 -0.552295
-3.11702 2.16696
3.28887 3.11284
1.89207 -0.590883
0.724059 -0.366272
1.00337 1.29891
-0.246916 1.88284
-1.05912 1.1093
0.200882 1.25109
0.571014 -0.0202746
0.571014 0.0202746
0.200882 -1.25109
-1.05912 -1.1093
-0.246916 -1.88284
1.00337 -1.29891
0.724059 0.366272
1.89207 0.590883
3.28887 -3.11284
-3.11702 -2.16696
-1.23595 0.552295
-0.499354 0.854891
-0.463069 0.806503
-0.287969 0.741686
0.0499442 0.765545
0.478293 0.857583
0.968853 0.883433
1.47116 0.704971
1.83537 0.258092
1.87761 -0.354254
1.5563 -0.894008
1.02676 -1.18656
0.490801 -1.23859
0.0642277 -1.16156
-0.22463 -1.05711
-0.391669 -0.973253
-0.470769 -0.918059
-0.49849 -0.886152
-0.487541 0.869029
-0.454365 0.8645
-0.367641 0.84795
-0.185994 0.825093
0.108175 0.813244
0.483496 0.799716
0.879608 0.725321
1.21943 0.534237
1.41558 0.232279
1.41143 -0.0993931
1.22255 -0.353119
0.918155 -0.462903
0.554 -0.42908
0.11159 -0.322487
-0.431345 -0.390667
-0.631972 -0.772495
-2.65012 -0.0512038
-0.485224 0.603999
-0.59449 1.19837
0.592138 1.06309
1.14134 0.180854
1.00834 -0.0344229
1.00834 0.0344229
1.14134 -0.180854
0.592138 -1.06309
-0.59449 -1.19837
-0.485224 -0.603999
-2.65012 0.0512038
-0.631972 0.772495
-0.431345 0.390667
0.11159 0.322487
0.554 0.42908
0.918155 0.462903
1.22255 0.353119
1.41143 0.0993931
1.41558 -0.232279
1.21943 -0.534237
0.879608 -0.725321
0.483496 -0.799716
0.108175 -0.813244
-0.185994 -0.825093
-0.367641 -0.84795
-0.454365 -0.8645
-0.487541 -0.869029
-0.488474 0.825098
-0.442514 0.732965
-0.270401 0.576107
0.0671229 0.456211
0.453009 0.422327
0.78546 0.392331
1.03115 0.300052
1.1681 0.145179
1.18276 -0.0273579
1.08678 -0.157473
0.913656 -0.194749
0.690966 -0.0969989
0.358671 0.224866
-0.880674 0.734513
-1.04205 -1.56492
-0.397345 -0.901338
11.3997 -65.0886
-0.359384 -0.040623
0.948883 -0.0323929
0.948883 0.0323929
-0.359384 0.040623
11.3997 65.0886
-0.397345 0.901338
-1.04205 1.56492
-0.880674 -0.734513
0.358671 -0.224866
0.690966 0.0969989
0.913656 0.194749
1.08678 0.157473
1.18276 0.0273579
1.1681 -0.145179
1.03115 -0.300052
0.78546 -0.392331
0.453009 -0.422327
0.0671229 -0.456211
-0.270401 -0.576107
-0.442514 -0.732965
-0.488474 -0.825098
-0.546697 0.847216
-0.645571 0.712952
-0.566117 0.276623
-0.00779559 -0.0183159
0.488947 0.0502085
0.777373 0.133723
0.952674 0.136136
1.04789 0.0782191
1.02772 -0.0573794
0.950022 -0.0565782
0.883533 0.0407554
0.973423 0.319835
2.96075 0.979362
0.651833 4.34455
-0.589697 -0.257367
-0.557631 -0.940673
-0.603823 -0.609582
0.986513 0.0043064
0.986513 -0.0043064
-0.603823 0.609582
-0.557631 0.940673
-0.589697 0.257367
0.651833 -4.34455
2.96075 -0.979362
0.973423 -0.319835
0.883533 -0.0407554
0.950022 0.0565782
1.02772 0.0573794
1.04789 -0.0782191
0.952674 -0.136136
0.777373 -0.133723
0.488947 -0.0502085
-0.00779559 0.0183159
-0.566117 -0.276623
-0.645571 -0.712952
-0.546697 -0.847216
-0.517972 0.939981
-0.866174 1.13417
-1.80319 -0.258527
0.213466 -0.924571
0.737445 -0.268083
0.867425 -0.0320453
0.950911 0.0344578
1.00326 0.0318575
1.02049 0.00504364
1.00769 -0.0158887
0.983343 -0.0102581
0.983877 0.0258928
1.0656 0.030798
1.01356 -0.263715
0.211568 0.385804
-2.20267 3.67116
1.34664 -1.12459
-0.606817 -1.13141
-0.606817 1.13141
1.34664 1.12459
-2.20267 -3.67116
0.211568 -0.385804
1.01356 0.263715
1.0656 -0.030798
0.983877 -0.0258928
0.983343 0.0102581
1.00769 0.0158887
1.02049 -0.00504364
1.00326 -0.0318575
0.950911 -0.0344578
0.867425 0.0320453
0.737445 0.268083
0.213466 0.924571
-1.80319 0.258527
-0.866174 -1.13417
-0.517972 -0.939981
-0.487911 0.855348
-0.368357 0.845216
0.512801 1.2986
-164.459 37.3691
2.26829 -0.665081
1.11824 -0.192047
0.983618 -0.0569759
0.979894 -0.00448296
0.972569 -0.00896426
1.0571 0.115544
1.32071 -1.10029
-0.581247 0.738357
-0.681677 0.560923
-0.626012 -1.29712
-0.556555 -1.03258
-0.428818 -1.065
-0.4948 0.832371
-0.4948 -0.832371
-0.428818 1.065
-0.556555 1.03258
-0.626012 1.29712
-0.681677 -0.560923
-0.581247 -0.738357
1.32071 1.10029
1.0571 -0.115544
0.972569 0.00896426
0.979894 0.00448296
0.983618 0.0569759
1.11824 0.192047
2.26829 0.665081
-164.459 -37.3691
0.512801 -1.2986
-0.368357 -0.845216
-0.487911 -0.855348
-0.531245 0.862062
-0.641635 0.639566
-0.370876 -0.388422
-1.03437 -0.261696
0.927142 0.529843
1.07577 0.0503728
1.01684 -0.0105429
0.948495 0.0458652
0.639456 -0.452136
1.25196 1.62665
-2.44987 14.0747
-0.0358506 0.685493
0.730363 -1.43408
-0.508859 -0.896521
-0.524301 -0.831979
-0.235943 -1.12864
1.13332 0.640773
2.46711 -4.91904
2.46711 4.91904
1.13332 -0.640773
-0.235943 1.12864
-0.524301 0.831979
-0.508859 0.896521
0.730363 1.43408
-0.0358506 -0.685493
-2.44987 -14.0747
1.25196 -1.62665
0.639456 0.452136
0.948495 -0.0458652
1.01684 0.0105429
1.07577 -0.0503728
0.927142 -0.529843
-1.03437 0.261696
-0.370876 0.388422
-0.641635 -0.639566
-0.531245 -0.862062
-0.438204 0.933668
-1.06321 1.58945
-2.06069 -2.05723
0.564771 -0.846908
0.838289 -0.0531112
0.981735 0.0208706
1.03496 -0.10349
-0.698031 1.16688
0.549761 -7.07874
1.04821 0.0144791
-1.51072 0.508353
-0.295178 -1.27336
-0.387441 -0.943468
-0.48673 0.771644
-0.41306 0.85843
-2.54774 1.7525
-6.9059 -7.6148
-0.372411 -0.712725
0.984281 -0.0151899
-0.714343 -1.20156
-0.539735 0.930602
-0.539735 -0.930602
-0.714343 1.20156
0.984281 0.0151899
-0.372411 0.712725
-6.9059 7.6148
-2.54774 -1.7525
-0.41306 -0.85843
-0.48673 -0.771644
-0.387441 0.943468
-0.295178 1.27336
-1.51072 -0.508353
1.04821 -0.0144791
0.549761 7.07874
-0.698031 -1.16688
1.03496 0.10349
0.981735 -0.0208706
0.838289 0.0531112
0.564771 0.846908
-2.06069 2.05723
-1.06321 -1.58945
-0.438204 -0.933668
-0.61479 0.346466
2.26907 0.041764
5.67115 16.8305
1.60067 0.0557009
1.0403 -0.0431566
0.995149 0.0243895
1.17353 0.122565
1.09381 0.310714
-0.170035 -2.18747
-0.604893 0.965565
-23.3882 -2.39206
-0.400172 1.15374
0.469474 0.549814
1.10812 -0.375852
-0.554523 -0.938733
-0.489123 0.869557
0.969611 -0.00492433
0.969611 0.00492433
-0.489123 -0.869557
-0.554523 0.938733
1.10812 0.375852
0.469474 -0.549814
-0.400172 -1.15374
-23.3882 2.39206
-0.604893 -0.965565
-0.170035 2.18747
1.09381 -0.310714
1.17353 -0.122565
0.995149 -0.0243895
1.0403 0.0431566
1.60067 -0.0557009
5.67115 -16.8305
2.26907 -0.041764
-0.61479 -0.346466
-0.45608 0.829905
0.728259 0.101376
-0.280676 0.683814
0.753933 0.110022
0.694314 -0.57831
-0.687362 9.38275
-7.24357 4.79012
0.577407 -0.0518417
1.37122 -0.574376
-0.127446 0.564599
-0.497483 0.837995
-2.36839 -3.57519
2.03971 5.42945
2.03971 -5.42945
-2.36839 3.57519
-0.497483 -0.837995
-0.127446 -0.564599
1.37122 0.574376
0.577407 0.0518417
-7.24357 -4.79012
-0.687362 -9.38275
0.694314 0.57831
0.753933 -0.110022
-0.280676 -0.683814
0.728259 -0.101376
-0.45608 -0.829905
-0.683058 0.942559
-1.29475 -0.22425
-0.377367 -1.00072
0.0817936 0.680817
1.06921 -0.0176381
-0.69678 0.151655
-0.394242 0.627617
0.859452 -0.108224
0.859452 0.108224
-0.394242 -0.627617
-0.69678 -0.151655
1.06921 0.0176381
0.0817936 -0.680817
-0.377367 1.00072
-1.29475 0.22425
-0.683058 -0.942559
-0.656846 0.739384
0.586475 1.48183
-16.2269 -0.0641815
1.72372 -1.50453
0.947868 -0.155889
0.947868 0.155889
1.72372 1.50453
-16.2269 0.0641815
0.586475 -1.48183
-0.656846 -0.739384
-0.501365 0.887884
-1.13996 -3.00026
0.539997 -0.382646
-3.87633 -0.397205
0.994466 1.05902
1.0283 0.0437416
1.0283 -0.0437416
0.994466 -1.05902
-3.87633 0.397205
0.539997 0.382646
-1.13996 3.00026
-0.501365 -0.887884
-0.639199 0.959956
-0.432164 -0.4599
-1.30686 -3.78831
-5.49875 7.7431
1.00447 -0.0169865
1.00447 0.0169865
-5.49875 -7.7431
-1.30686 3.78831
-0.432164 0.4599
-0.639199 -0.959956
-0.558864 0.556313
-0.549301 -0.700821
-0.345346 0.130982
1.1925 -0.00787614
1.1925 0.00787614
-0.345346 -0.130982
-0.549301 0.700821
-0.558864 -0.556313
-0.490532 0.889839
-0.2397 0.878238
-1.66433 1.78465
-1.39259 -2.06455
0.188333 -0.784712
1.02843 0.368646
1.02843 -0.368646
0.188333 0.784712
-1.39259 2.06455
-1.66433 -1.78465
-0.2397 -0.878238
-0.490532 -0.889839
-0.484096 0.873732
1.81772 1.10323
1.07022 0.0955181
9.46912 -1.68077
9.28428 0.372516
1.40609 -0.217635
0.992542 -0.0228218
0.992542 0.0228218
1.40609 0.217635
9.28428 -0.372516
9.46912 1.68077
1.07022 -0.0955181
1.81772 -1.10323
-0.484096 -0.873732
0.0382594 0.779499
-1.23166 1.37868
-0.979351 -1.14813
-1.01672 -1.05187
-0.551773 1.51329
0.750666 0.20111
0.750666 -0.20111
-0.551773 -1.51329
-1.01672 1.05187
-0.979351 1.14813
-1.23166 -1.37868
0.0382594 -0.779499
-0.47857 0.872178
-9.41333 -3.55512
-0.489506 -0.821661
-0.207868 0.245233
-0.207868 -0.245233
-0.489506 0.821661
-9.41333 3.55512
-0.47857 -0.872178
-0.328325 0.969726
-0.568581 -1.12246
-0.52106 -0.886806
-2.13103 -7.07738
1.06273 -0.105413
1.06273 0.105413
-2.13103 7.07738
-0.52106 0.886806
-0.568581 1.12246
-0.328325 -0.969726
-0.531002 0.870715
-0.490256 0.958081
-0.940055 0.516695
-0.726639 -0.722077
-0.487036 -0.876681
-0.477767 -0.866399
2.98101 1.62305
0.806678 -0.0506855
0.806678 0.0506855
2.98101 -1.62305
-0.477767 0.866399
-0.487036 0.876681
-0.726639 0.722077
-0.940055 -0.516695
-0.490256 -0.958081
-0.531002 -0.870715
0.843812 -0.0464541
1.2663 -0.31933
0.869515 -0.260011
0.640325 1.49836
-4.00842 2.3309
-0.904539 -2.32513
0.0681082 -0.826789
0.3379 2.03209
0.938441 0.104286
0.938441 -0.104286
0.3379 -2.03209
0.0681082 0.826789
-0.904539 2.32513
-4.00842 -2.3309
0.640325 -1.49836
0.869515 0.260011
1.2663 0.31933
0.843812 0.0464541
-0.255451 0.910164
1.78047 -2.25477
0.980438 -0.00906887
2.13144 -1.26576
-102.204 -122.289
4.34819 -1.08949
1.17996 -0.368637
1.17996 0.368637
4.34819 1.08949
-102.204 122.289
2.13144 1.26576
0.980438 0.00906887
1.78047 2.25477
-0.255451 -0.910164
-1.00358 -0.243503
1.00438 -0.0116202
-0.548691 -0.801872
-0.611551 -0.94585
-0.508657 -0.922943
-0.619295 -1.12863
-2.25012 0.965704
0.67875 1.49088
1.01802 0.154457
1.01802 -0.154457
0.67875 -1.49088
-2.25012 -0.965704
-0.619295 1.12863
-0.508657 0.922943
-0.611551 0.94585
-0.548691 0.801872
1.00438 0.0116202
-1.00358 0.243503
-0.522695 0.575015
0.905899 0.847963
-0.679572 0.816763
-0.488317 0.914033
-0.575165 0.523152
0.487608 -0.241099
-0.512126 -0.910418
-0.480927 0.816805
-0.482034 0.763221
1.20161 -0.208203
1.20161 0.208203
-0.482034 -0.763221
-0.480927 -0.816805
-0.512126 0.910418
0.487608 0.241099
-0.575165 -0.523152
-0.488317 -0.914033
-0.679572 -0.816763
0.905899 -0.847963
-0.522695 -0.575015
-0.681498 -1.13128
-0.660024 -0.691028
0.990394 -0.0099559
1.73991 0.0394532
0.945816 1.89911
-0.488714 0.874812
-0.522221 0.938886
1.05364 0.0767425
-0.28873 -0.76896
1.44158 0.299341
1.44158 -0.299341
-0.28873 0.76896
1.05364 -0.0767425
-0.522221 -0.938886
-0.488714 -0.874812
0.945816 -1.89911
1.73991 -0.0394532
0.990394 0.0099559
-0.660024 0.691028
-0.681498 1.13128
0.98616 0.742181
0.948684 0.0961383
-0.655221 0.109577
-0.394407 0.920637
-0.629928 0.858986
-0.323499 0.390622
-0.212506 -0.940694
-0.551117 0.14237
-0.587595 0.984167
0.774077 -0.704959
1.00893 -0.0302504
1.00893 0.0302504
0.774077 0.704959
-0.587595 -0.984167
-0.551117 -0.14237
-0.212506 0.940694
-0.323499 -0.390622
-0.629928 -0.858986
-0.394407 -0.920637
-0.655221 -0.109577
0.948684 -0.0961383
0.98616 -0.742181
0.995789 0.0141177
0.820892 0.482561
0.0792303 1.65617
-1.41243 1.24611
-1.22272 -0.197905
-0.640053 -0.788526
-0.501467 -0.876774
-0.976304 0.366394
2.53803 -0.912925
1.09355 -0.716844
1.09355 0.716844
2.53803 0.912925
-0.976304 -0.366394
-0.501467 0.876774
-0.640053 0.788526
-1.22272 0.197905
-1.41243 -1.24611
0.0792303 -1.65617
0.820892 -0.482561
0.995789 -0.0141177
0.843327 -0.175006
1.01367 -0.0352935
0.960822 -0.1454
1.97356 -0.0646083
3.24768 4.2815
-6.12338 2.41853
-1.96941 -1.89909
-0.523585 -1.25775
-0.418703 -0.857286
-0.517658 -0.881871
-0.514166 -0.879018
-0.326084 -0.816465
4.31963 0.966851
-0.561373 0.796964
0.975169 -0.00866054
0.975169 0.00866054
-0.561373 -0.796964
4.31963 -0.966851
-0.326084 0.816465
-0.514166 0.879018
-0.517658 0.881871
-0.418703 0.857286
-0.523585 1.25775
-1.96941 1.89909
-6.12338 -2.41853
3.24768 -4.2815
1.97356 0.0646083
0.960822 0.1454
1.01367 0.0352935
0.843327 0.175006
-0.653068 -1.16714
0.0872644 -0.772131
0.884337 -2.54001
7.36382 -19.7739
15.6924 -43.3307
1.48525 -3.85882
0.50257 -1.3178
0.0223669 -0.424255
-4.43404 0.354803
-0.814855 1.57504
0.438239 0.278982
1.19881 0.104672
1.00323 -0.0216801
1.00323 0.0216801
1.19881 -0.104672
0.438239 -0.278982
-0.814855 -1.57504
-4.43404 -0.354803
0.0223669 0.424255
0.50257 1.3178
1.48525 3.85882
15.6924 43.3307
7.36382 19.7739
0.884337 2.54001
0.0872644 0.772131
-0.653068 1.16714
-0.533143 -0.96574
-1.47183 -1.3602
-5.36767 1.20238
3.15931 5.98415
2.84132 -0.076558
1.26322 -0.480434
0.80562 -0.113762
1.09415 0.0983325
0.962256 0.0193906
0.962256 -0.0193906
1.09415 -0.0983325
0.80562 0.113762
1.26322 0.480434
2.84132 0.076558
3.15931 -5.98415
-5.36767 -1.20238
-1.47183 1.3602
-0.533143 0.96574
-0.432792 -0.786587
-0.8755 0.0158899
-1.22297 1.27546
0.286211 1.87016
1.23963 0.699447
1.14969 0.0478806
1.00566 -0.0258623
1.00566 0.0258623
1.14969 -0.0478806
1.23963 -0.699447
0.286211 -1.87016
-1.22297 -1.27546
-0.8755 -0.0158899
-0.432792 0.786587
3.0275 3.96325
-0.406333 0.802466
-0.542808 0.930821
-0.172742 0.846022
0.51611 0.21475
0.957642 0.0344222
0.957642 -0.0344222
0.51611 -0.21475
-0.172742 -0.846022
-0.542808 -0.930821
-0.406333 -0.802466
3.0275 -3.96325
0.637278 -1.17249
-0.595115 0.857367
1.91965 -2.60615
1.02485 -0.0113697
1.02485 0.0113697
1.91965 2.60615
-0.595115 -0.857367
0.637278 1.17249
-0.437955 -0.868188
-0.52682 -0.988629
-0.526654 0.861462
0.231176 -1.73198
0.231176 1.73198
-0.526654 -0.861462
-0.52682 0.988629
-0.437955 0.868188
1.00979 -0.259464
-0.447891 0.846082
-0.433405 0.847019
-0.70278 -1.8483
-0.70278 1.8483
-0.433405 -0.847019
-0.447891 -0.846082
1.00979 0.259464
-0.343045 -1.19288
-0.513279 0.829058
1.05313 -0.148019
1.23055 0.326231
1.23055 -0.326231
1.05313 0.148019
-0.513279 -0.829058
-0.343045 1.19288
-0.495144 -0.85407
-0.402479 -1.26162
2.78112 0.158306
-0.627185 1.10362
-0.4943 0.812135
-0.533938 -0.817262
-1.10442 1.616
-0.510867 -0.806306
1.02251 -0.0304392
1.02251 0.0304392
-0.510867 0.806306
-1.10442 -1.616
-0.533938 0.817262
-0.4943 -0.812135
-0.627185 -1.10362
2.78112 -0.158306
-0.402479 1.26162
-0.495144 0.85407
0.103519 0.487288
-2.10596 0.476803
50.6977 51.7699
-1.5586 -1.66415
-1.19009 1.32366
1.04872 -0.00994783
1.04872 0.00994783
-1.19009 -1.32366
-1.5586 1.66415
50.6977 -51.7699
-2.10596 -0.476803
0.103519 -0.487288
-0.205588 1.15851
1.87369 0.739529
0.760075 -0.681622
-0.758553 -1.34735
0.139916 -0.0820679
-0.605777 -0.904201
-0.605777 0.904201
0.139916 0.0820679
-0.758553 1.34735
0.760075 0.681622
1.87369 -0.739529
-0.205588 -1.15851
-0.364604 -0.834614
0.968964 0.0712944
0.993208 -0.0186857
0.993208 0.0186857
0.968964 -0.0712944
-0.364604 0.834614
-3.06838 -1.13937
0.939728 -0.00360698
0.939728 0.00360698
-3.06838 1.13937
