0.0406379 0.0155808
0.0406379 -0.0155808
-0.0148722 -0.00741417
-0.0148722 0.00741417
-6.7505e-05 -0.0132532
-6.7505e-05 0.0132532
0.0136266 0.00563542
0.0136266 -0.00563542
-0.0164533 -0.0531499
-0.0164533 0.0531499
0.0122557 0.0118293
0.0122557 -0.0118293
-0.0396819 0.0226443
-0.0201638 0.0357394
-0.000208438 0.048682
-0.000208438 -0.048682
-0.0201638 -0.0357394
-0.0396819 -0.0226443
-0.0456898 -0.00938297
-0.0267345 0.00341192
-0.00735697 0.0160774
0.0124384 0.0285949
0.0326465 0.0409455
0.0326465 -0.0409455
0.0124384 -0.0285949
-0.00735697 -0.0160774
-0.0267345 -0.00341192
-0.0456898 0.00938297
-0.0330461 -0.0280709
-0.0142094 -0.0156911
0.00503176 -0.00343674
0.0246725 0.00867471
0.0447071 0.0206253
0.0447071 -0.0206253
0.0246725 -0.00867471
0.00503176 0.00343674
-0.0142094 0.0156911
-0.0330461 0.0280709
-0.0208108 -0.0466504
-0.00208886 -0.0346688
0.0170207 -0.022808
0.0365126 -0.0110847
0.0563807 0.000484338
0.0563807 -0.000484338
0.0365126 0.0110847
0.0170207 0.022808
-0.00208886 0.0346688
-0.0208108 0.0466504
0.00964386 -0.0535257
0.0286271 -0.042042
0.0479764 -0.0306898
0.0479764 0.0306898
0.0286271 0.042042
0.00964386 0.0535257
0.0496736 0.0266091
0.0496736 -0.0266091
-0.0234775 0.0427269
-0.0234775 -0.0427269
0.0245544 0.0362323
0.0245544 -0.0362323
0.00305194 -0.0556327
0.00305194 0.0556327
-0.0208537 0.0330712
0.0235656 0.0395891
0.0235656 -0.0395891
-0.0208537 -0.0330712
-0.0133542 -0.010377
0.0291582 -0.0038263
0.0291582 0.0038263
-0.0133542 0.010377
-0.00595264 -0.0519861
0.0348459 -0.0454674
0.0348459 0.0454674
-0.00595264 0.0519861
-0.0154408 -0.0394539
-0.0154408 0.0394539
0.0204659 0.0417999
0.0204659 -0.0417999
-0.0468397 -0.0236514
0.0175094 -0.0235408
0.0175094 0.0235408
-0.0468397 0.0236514
0.0297138 0.00476452
0.0297138 -0.00476452
0.0273434 -0.0454588
0.0273434 0.0454588
-0.0222835 -0.0279118
-0.0222835 0.0279118
-0.0521271 -0.0197602
-0.0519582 -0.0131758
-0.0518567 -0.00658859
-0.0518229 0
-0.0518567 0.00658859
-0.0519582 0.0131758
-0.0521271 0.0197602
-0.0460621 -0.0332558
-0.045752 -0.0266133
-0.0455106 -0.019965
-0.0453381 -0.0133124
-0.0452346 -0.00665692
-0.0452001 0
-0.0452346 0.00665692
-0.0453381 0.0133124
-0.0455106 0.019965
-0.045752 0.0266133
-0.0460621 0.0332558
-0.0397751 -0.0403083
-0.0393884 -0.0336038
-0.0390718 -0.0268919
-0.0388253 -0.0201741
-0.0386491 -0.0134519
-0.0385434 -0.00672669
-0.0385081 0
-0.0385434 0.00672669
-0.0386491 0.0134519
-0.0388253 0.0201741
-0.0390718 0.0268919
-0.0393884 0.0336038
-0.0397751 0.0403083
-0.0330396 -0.0407344
-0.0326448 -0.0339593
-0.0323213 -0.0271765
-0.0320696 -0.0203877
-0.0318897 -0.0135944
-0.0317817 -0.00679794
-0.0317457 0
-0.0317817 0.00679794
-0.0318897 0.0135944
-0.0320696 0.0203877
-0.0323213 0.0271765
-0.0326448 0.0339593
-0.0330396 0.0407344
-0.026709 -0.0480074
-0.0262329 -0.0411695
-0.0258296 -0.0343223
-0.0254992 -0.0274672
-0.0252421 -0.0206059
-0.0250583 -0.0137399
-0.024948 -0.00687072
-0.0249112 0
-0.024948 0.00687072
-0.0250583 0.0137399
-0.0252421 0.0206059
-0.0254992 0.0274672
-0.0258296 0.0343223
-0.0262329 0.0411695
-0.026709 0.0480074
-0.0198398 -0.0485253
-0.0193534 -0.041614
-0.0189414 -0.0346931
-0.0186039 -0.0277641
-0.0183412 -0.0208287
-0.0181535 -0.0138885
-0.0180408 -0.00694506
-0.0180032 0
-0.0180408 0.00694506
-0.0181535 0.0138885
-0.0183412 0.0208287
-0.0186039 0.0277641
-0.0189414 0.0346931
-0.0193534 0.041614
-0.0198398 0.0485253
-0.0134691 -0.0560292
-0.0128965 -0.0490544
-0.0123996 -0.0420681
-0.0119786 -0.0350719
-0.0116338 -0.0280675
-0.0113654 -0.0210564
-0.0111736 -0.0140404
-0.0110584 -0.00702102
-0.01102 0
-0.0110584 0.00702102
-0.0111736 0.0140404
-0.0113654 0.0210564
-0.0116338 0.0280675
-0.0119786 0.0350719
-0.0123996 0.0420681
-0.0128965 0.0490544
-0.0134691 0.0560292
-0.00646271 -0.0566461
-0.00587765 -0.0495951
-0.00536986 -0.0425321
-0.00493965 -0.0354591
-0.00458729 -0.0283775
-0.00431301 -0.0212891
-0.00411697 -0.0141956
-0.0039993 -0.00709863
-0.00396007 0
-0.0039993 0.00709863
-0.00411697 0.0141956
-0.00431301 0.0212891
-0.00458729 0.0283775
-0.00493965 0.0354591
-0.00536986 0.0425321
-0.00587765 0.0495951
-0.00646271 0.0566461
0.000620602 -0.0572765
0.00121853 -0.0501475
0.0017375 -0.0430063
0.00217718 -0.0358547
0.00253731 -0.0286943
0.00281764 -0.0215268
0.003018 -0.0143541
0.00313827 -0.00717795
0.00317837 0
0.00313827 0.00717795
0.003018 0.0143541
0.00281764 0.0215268
0.00253731 0.0286943
0.00217718 0.0358547
0.0017375 0.0430063
0.00121853 0.0501475
0.000620602 0.0572765
0.00839367 -0.0507122
0.00892415 -0.043491
0.00937359 -0.036259
0.0097417 -0.0290181
0.0100283 -0.0217699
0.0102331 -0.0145163
0.010356 -0.00725903
0.010397 0
0.010356 0.00725903
0.0102331 0.0145163
0.0100283 0.0217699
0.0097417 0.0290181
0.00937359 0.036259
0.00892415 0.043491
0.00839367 0.0507122
0.0156495 -0.0512894
0.0161918 -0.0439865
0.0166513 -0.0366724
0.0170277 -0.0293491
0.0173206 -0.0220183
0.01753 -0.014682
0.0176557 -0.00734192
0.0176976 0
0.0176557 0.00734192
0.01753 0.014682
0.0173206 0.0220183
0.0170277 0.0293491
0.0166513 0.0366724
0.0161918 0.0439865
0.0156495 0.0512894
0.0229879 -0.0518796
0.0235424 -0.044493
0.0240122 -0.037095
0.024397 -0.0296875
0.0246966 -0.0222723
0.0249107 -0.0148514
0.0250392 -0.00742667
0.0250821 0
0.0250392 0.00742667
0.0249107 0.0148514
0.0246966 0.0222723
0.024397 0.0296875
0.0240122 0.037095
0.0235424 0.044493
0.0229879 0.0518796
0.0309776 -0.045011
0.0314581 -0.0375272
0.0318516 -0.0300336
0.032158 -0.0225321
0.032377 -0.0150247
0.0325084 -0.00751334
0.0325523 0
0.0325084 0.00751334
0.032377 0.0150247
0.032158 0.0225321
0.0318516 0.0300336
0.0314581 0.0375272
0.0309776 0.045011
0.0389909 -0.0379693
0.0393934 -0.0303876
0.0397068 -0.0227978
0.0399308 -0.0152019
0.0400653 -0.00760198
0.0401101 0
0.0400653 0.00760198
0.0399308 0.0152019
0.0397068 0.0227978
0.0393934 0.0303876
0.0389909 0.0379693
0.0470244 -0.0307497
0.047345 -0.0230696
0.0475742 -0.0153832
0.0477117 -0.00769266
0.0477576 0
0.0477117 0.00769266
0.0475742 0.0153832
0.047345 0.0230696
0.0470244 0.0307497
0.0553091 -0.0155687
0.0554499 -0.00778544
0.0554968 0
0.0554499 0.00778544
0.0553091 0.0155687
-0.034659 -0.00460698
-0.034659 0.00460698
-0.0309285 -0.0353696
-0.0309285 0.0353696
0.0577305 -0.000724638
0.0577305 0.000724638
0.0297912 -0.029733
0.0297912 0.029733
-0.0272119 -0.00431601
-0.0272119 0.00431601
0.0412671 -0.0141076
0.0412671 0.0141076
0.033337 0.0331379
0.033337 -0.0331379
0.000881519 -0.0118785
0.000881519 0.0118785
0.000692738 0.00655832
0.000692738 -0.00655832
-0.021441 -0.0140729
-0.021441 0.0140729
-0.0360394 0.0215065
-0.010845 0.0398497
-0.010845 -0.0398497
-0.0360394 -0.0215065
-0.0422059 -0.0209625
-0.0179784 -0.00319344
0.00699695 0.0143818
0.0327134 0.0317179
0.0327134 -0.0317179
0.00699695 -0.0143818
-0.0179784 0.00319344
-0.0422059 0.0209625
-0.0247234 -0.0447399
-0.000665618 -0.0276998
0.0240972 -0.0108475
0.0495566 0.00577491
0.0495566 -0.00577491
0.0240972 0.0108475
-0.000665618 0.0276998
-0.0247234 0.0447399
0.0159416 -0.0520187
0.0405004 -0.0358471
0.0405004 0.0358471
0.0159416 0.0520187
-0.0245848 -0.0189003
-0.0245848 0.0189003
0.016411 0.0453718
-0.018127 0.0530186
-0.018127 -0.0530186
0.016411 -0.0453718
-0.0360999 0.0130388
-0.0360999 -0.0130388
0.0134461 -0.0073187
0.0134461 0.0073187
-0.0130076 0.0388733
-0.0130076 -0.0388733
-0.00105994 -0.0160223
0.0524069 -0.00573092
0.0524069 0.00573092
-0.00105994 0.0160223
-0.0339691 -0.0307174
0.0448366 -0.027922
0.0448366 0.027922
-0.0339691 0.0307174
-0.00337383 0.0321712
-0.00337383 -0.0321712
-0.0215642 -0.0101366
-0.0215642 0.0101366
0.0447394 0.00143067
0.0447394 -0.00143067
0.000448197 -0.0114346
0.000448197 0.0114346
0.000886053 0.0409226
0.000886053 -0.0409226
-0.0512484 -0.0225032
-0.0510715 -0.0150044
-0.0509654 -0.00750289
-0.05093 0
-0.0509654 0.00750289
-0.0510715 0.0150044
-0.0512484 0.0225032
-0.0439683 -0.0302833
-0.0437159 -0.0227174
-0.0435356 -0.0151473
-0.0434273 -0.00757436
-0.0433913 0
-0.0434273 0.00757436
-0.0435356 0.0151473
-0.0437159 0.0227174
-0.0439683 0.0302833
-0.0366995 -0.0382072
-0.0363688 -0.0305745
-0.0361115 -0.0229359
-0.0359275 -0.015293
-0.0358171 -0.00764724
-0.0357803 0
-0.0358171 0.00764724
-0.0359275 0.015293
-0.0361115 0.0229359
-0.0363688 0.0305745
-0.0366995 0.0382072
-0.0294452 -0.0462775
-0.0290333 -0.0385782
-0.028696 -0.0308714
-0.0284335 -0.0231588
-0.0282459 -0.0154417
-0.0281333 -0.00772158
-0.0280958 0
-0.0281333 0.00772158
-0.0282459 0.0154417
-0.0284335 0.0231588
-0.028696 0.0308714
-0.0290333 0.0385782
-0.0294452 0.0462775
-0.0217126 -0.0467311
-0.0212925 -0.0389565
-0.0209484 -0.0311744
-0.0206807 -0.0233861
-0.0204893 -0.0155933
-0.0203745 -0.0077974
-0.0203362 0
-0.0203745 0.0077974
-0.0204893 0.0155933
-0.0206807 0.0233861
-0.0209484 0.0311744
-0.0212925 0.0389565
-0.0217126 0.0467311
-0.0144102 -0.0550358
-0.0139041 -0.0471938
-0.0134755 -0.0393425
-0.0131246 -0.0314833
-0.0128514 -0.023618
-0.0126562 -0.0157479
-0.0125391 -0.00787474
-0.0125 0
-0.0125391 0.00787474
-0.0126562 0.0157479
-0.0128514 0.023618
-0.0131246 0.0314833
-0.0134755 0.0393425
-0.0139041 0.0471938
-0.0144102 0.0550358
-0.00653448 -0.055586
-0.00601823 -0.0476659
-0.00558097 -0.0397362
-0.0052229 -0.0317986
-0.00494422 -0.0238545
-0.00474506 -0.0159057
-0.00462553 -0.00795365
-0.00458568 0
-0.00462553 0.00795365
-0.00474506 0.0159057
-0.00494422 0.0238545
-0.0052229 0.0317986
-0.00558097 0.0397362
-0.00601823 0.0476659
-0.00653448 0.055586
0.00141993 -0.0561472
0.00194666 -0.0481475
0.00239282 -0.0401379
0.00275816 -0.0321202
0.00304252 -0.0240959
0.00324573 -0.0160667
0.0033677 -0.00803415
0.00340836 0
0.0033677 0.00803415
0.00324573 0.0160667
0.00304252 0.0240959
0.00275816 0.0321202
0.00239282 0.0401379
0.00194666 0.0481475
0.00141993 0.0561472
0.00945465 -0.05672
0.00999215 -0.0486389
0.0104474 -0.0405479
0.0108202 -0.0324484
0.0111104 -0.0243422
0.0113178 -0.0162309
0.0114422 -0.00811631
0.0114837 0
0.0114422 0.00811631
0.0113178 0.0162309
0.0111104 0.0243422
0.0108202 0.0324484
0.0104474 0.0405479
0.00999215 0.0486389
0.00945465 0.05672
0.000765645 0.0177694
0.0181199 -0.0491404
0.0185845 -0.0409662
0.018965 -0.0327833
0.0192611 -0.0245935
0.0194727 -0.0163986
0.0195997 -0.00820014
0.0196421 0
0.0195997 0.00820014
0.0194727 0.0163986
0.0192611 0.0245935
0.018965 0.0327833
0.0185845 0.0409662
0.0181199 0.0491404
0.000765645 -0.0177694
-0.00453673 -0.0359904
0.0263315 -0.0496523
0.0268057 -0.0413931
0.027194 -0.0331251
0.0274963 -0.02485
0.0277123 -0.0165696
0.0278419 -0.00828571
0.0278852 0
0.0278419 0.00828571
0.0277123 0.0165696
0.0274963 0.02485
0.027194 0.0331251
0.0268057 0.0413931
0.0263315 0.0496523
-0.00453673 0.0359904
0.0351128 -0.0418289
0.0355092 -0.033474
0.0358177 -0.0251119
0.0360382 -0.0167443
0.0361706 -0.00837304
0.0362147 0
0.0361706 0.00837304
0.0360382 0.0167443
0.0358177 0.0251119
0.0355092 0.033474
0.0351128 0.0418289
-0.0247135 -0.0230144
0.0439123 -0.0338301
0.0442272 -0.0253791
0.0444523 -0.0169225
0.0445874 -0.0084622
0.0446325 0
0.0445874 0.0084622
0.0444523 0.0169225
0.0442272 0.0253791
0.0439123 0.0338301
-0.0247135 0.0230144
0.0529564 -0.0171045
0.0530943 -0.00855323
0.0531403 0
0.0530943 0.00855323
0.0529564 0.0171045
-0.00264421 -0.0283683
-0.00626952 0.0440193
-0.0104297 0.0279353
-0.0104297 -0.0279353
-0.00626952 -0.0440193
-0.00264421 0.0283683
0.0190994 -0.038783
0.0190994 0.038783
0.0371415 0.00226535
0.0371415 -0.00226535
-0.0174801 -0.00103158
-0.0174801 0.00103158
0.0537278 0.0199045
0.0537278 -0.0199045
-0.0435711 0.01156
-0.0435711 -0.01156
-0.0229764 -0.017255
-0.0229764 0.017255
0.0518899 0.0231879
0.0518899 -0.0231879
-0.0375506 0.0334609
-0.0160682 0.055218
-0.0160682 -0.055218
-0.0375506 -0.0334609
-0.036795 -0.0085629
-0.0161782 0.0124245
0.00523234 0.0333568
0.00523234 -0.0333568
-0.0161782 -0.0124245
-0.036795 0.0085629
-0.0161779 -0.0287802
0.00440017 -0.00855743
0.0257263 0.0115983
0.04781 0.031641
0.04781 -0.031641
0.0257263 -0.0115983
0.00440017 0.00855743
-0.0161779 0.0287802
0.00370221 -0.0489743
0.0242302 -0.0294728
0.0454624 -0.0100474
0.0454624 0.0100474
0.0242302 0.0294728
0.00370221 0.0489743
0.0390427 -0.0135419
0.0390427 0.0135419
-0.0334056 0.0269082
-0.0334056 -0.0269082
-0.0529661 -0.00860108
-0.00982811 0.011888
0.0345117 0.0301498
0.00959964 -0.00933573
0.00959964 0.00933573
0.0345117 -0.0301498
-0.00982811 -0.011888
-0.0529661 0.00860108
0.00899036 -0.030829
0.0511786 -0.0135693
0.0511786 0.0135693
0.00899036 0.030829
0.0254185 -0.0202546
0.0254185 0.0202546
0.0541405 -0.00783268
0.0541405 0.00783268
-0.00203285 0.0409412
-0.00203285 -0.0409412
0.0112531 -0.0205336
0.0112531 0.0205336
-0.0184268 0.0255127
-0.0184268 -0.0255127
-0.0107184 0.0269642
-0.0107184 -0.0269642
-0.0313853 0.00956808
-0.000448124 -0.0497759
-0.000448124 0.0497759
-0.0313853 -0.00956808
-0.0132892 0.038965
-0.0132892 -0.038965
-0.00554407 -0.0566596
-0.00554407 0.0566596
-0.0505807 -0.0269412
-0.0505807 0.0269412
0.00223962 0.0270074
0.00223962 -0.0270074
0.0396922 -0.00413658
0.0396922 0.00413658
-0.056 -0.012
-0.056 -0.008
-0.056 -0.004
-0.056 0
-0.056 0.004
-0.056 0.008
-0.056 0.012
-0.052 -0.024
-0.052 -0.02
-0.052 -0.016
-0.052 -0.012
-0.052 -0.008
-0.052 -0.004
-0.052 0
-0.052 0.004
-0.052 0.008
-0.052 0.012
-0.052 0.016
-0.052 0.02
-0.052 0.024
-0.048 -0.032
-0.048 -0.028
-0.048 -0.024
-0.048 -0.02
-0.048 -0.016
-0.048 -0.012
-0.048 -0.008
-0.048 -0.004
-0.048 0
-0.048 0.004
-0.048 0.008
-0.048 0.012
-0.048 0.016
-0.048 0.02
-0.048 0.024
-0.048 0.028
-0.048 0.032
-0.044 -0.036
-0.044 -0.032
-0.044 -0.028
-0.044 -0.024
-0.044 -0.02
-0.044 -0.016
-0.044 -0.012
-0.044 -0.008
-0.044 -0.004
-0.044 0
-0.044 0.004
-0.044 0.008
-0.044 0.012
-0.044 0.016
-0.044 0.02
-0.044 0.024
-0.044 0.028
-0.044 0.032
-0.044 0.036
-0.04 -0.04
-0.04 -0.036
-0.04 -0.032
-0.04 -0.028
-0.04 -0.024
-0.04 -0.02
-0.04 -0.016
-0.04 -0.012
-0.04 -0.008
-0.04 -0.004
-0.04 0
-0.04 0.004
-0.04 0.008
-0.04 0.012
-0.04 0.016
-0.04 0.02
-0.04 0.024
-0.04 0.028
-0.04 0.032
-0.04 0.036
-0.04 0.04
-0.036 -0.044
-0.036 -0.04
-0.036 -0.036
-0.036 -0.032
-0.036 -0.028
-0.036 -0.024
-0.036 -0.02
-0.036 -0.016
-0.036 -0.012
-0.036 -0.008
-0.036 -0.004
-0.036 0
-0.036 0.004
-0.036 0.008
-0.036 0.012
-0.036 0.016
-0.036 0.02
-0.036 0.024
-0.036 0.028
-0.036 0.032
-0.036 0.036
-0.036 0.04
-0.036 0.044
-0.032 -0.048
-0.032 -0.044
-0.032 -0.04
-0.032 -0.036
-0.032 -0.032
-0.032 -0.028
-0.032 -0.024
-0.032 -0.02
-0.032 -0.016
-0.032 -0.012
-0.032 -0.008
-0.032 -0.004
-0.032 0
-0.032 0.004
-0.032 0.008
-0.032 0.012
-0.032 0.016
-0.032 0.02
-0.032 0.024
-0.032 0.028
-0.032 0.032
-0.032 0.036
-0.032 0.04
-0.032 0.044
-0.032 0.048
-0.028 -0.048
-0.028 -0.044
-0.028 -0.04
-0.028 -0.036
-0.028 -0.032
-0.028 -0.028
-0.028 -0.024
-0.028 -0.02
-0.028 -0.016
-0.028 -0.012
-0.028 -0.008
-0.028 -0.004
-0.028 0
-0.028 0.004
-0.028 0.008
-0.028 0.012
-0.028 0.016
-0.028 0.02
-0.028 0.024
-0.028 0.028
-0.028 0.032
-0.028 0.036
-0.028 0.04
-0.028 0.044
-0.028 0.048
-0.024 -0.052
-0.024 -0.048
-0.024 -0.044
-0.024 -0.04
-0.024 -0.036
-0.024 -0.032
-0.024 -0.028
-0.024 -0.024
-0.024 -0.02
-0.024 -0.016
-0.024 -0.012
-0.024 -0.008
-0.024 -0.004
-0.024 0
-0.024 0.004
-0.024 0.008
-0.024 0.012
-0.024 0.016
-0.024 0.02
-0.024 0.024
-0.024 0.028
-0.024 0.032
-0.024 0.036
-0.024 0.04
-0.024 0.044
-0.024 0.048
-0.024 0.052
-0.02 -0.052
-0.02 -0.048
-0.02 -0.044
-0.02 -0.04
-0.02 -0.036
-0.02 -0.032
-0.02 -0.028
-0.02 -0.024
-0.02 -0.02
-0.02 -0.016
-0.02 -0.012
-0.02 -0.008
-0.02 -0.004
-0.02 0
-0.02 0.004
-0.02 0.008
-0.02 0.012
-0.02 0.016
-0.02 0.02
-0.02 0.024
-0.02 0.028
-0.02 0.032
-0.02 0.036
-0.02 0.04
-0.02 0.044
-0.02 0.048
-0.02 0.052
-0.016 -0.052
-0.016 -0.048
-0.016 -0.044
-0.016 -0.04
-0.016 -0.036
-0.016 -0.032
-0.016 -0.028
-0.016 -0.024
-0.016 -0.02
-0.016 -0.016
-0.016 -0.012
-0.016 -0.008
-0.016 -0.004
-0.016 0
-0.016 0.004
-0.016 0.008
-0.016 0.012
-0.016 0.016
-0.016 0.02
-0.016 0.024
-0.016 0.028
-0.016 0.032
-0.016 0.036
-0.016 0.04
-0.016 0.044
-0.016 0.048
-0.016 0.052
-0.012 -0.056
-0.012 -0.052
-0.012 -0.048
-0.012 -0.044
-0.012 -0.04
-0.012 -0.036
-0.012 -0.032
-0.012 -0.028
-0.012 -0.024
-0.012 -0.02
-0.012 -0.016
-0.012 -0.012
-0.012 -0.008
-0.012 -0.004
-0.012 0
-0.012 0.004
-0.012 0.008
-0.012 0.012
-0.012 0.016
-0.012 0.02
-0.012 0.024
-0.012 0.028
-0.012 0.032
-0.012 0.036
-0.012 0.04
-0.012 0.044
-0.012 0.048
-0.012 0.052
-0.012 0.056
-0.008 -0.056
-0.008 -0.052
-0.008 -0.048
-0.008 -0.044
-0.008 -0.04
-0.008 -0.036
-0.008 -0.032
-0.008 -0.028
-0.008 -0.024
-0.008 -0.02
-0.008 -0.016
-0.008 -0.012
-0.008 -0.008
-0.008 -0.004
-0.008 0
-0.008 0.004
-0.008 0.008
-0.008 0.012
-0.008 0.016
-0.008 0.02
-0.008 0.024
-0.008 0.028
-0.008 0.032
-0.008 0.036
-0.008 0.04
-0.008 0.044
-0.008 0.048
-0.008 0.052
-0.008 0.056
-0.0508373 0.00715385
-0.004 -0.056
-0.004 -0.052
-0.004 -0.048
-0.004 -0.044
-0.004 -0.04
-0.004 -0.036
-0.004 -0.032
-0.004 -0.028
-0.004 -0.024
-0.004 -0.02
-0.004 -0.016
-0.004 -0.012
-0.004 -0.008
-0.004 -0.004
-0.004 0
-0.004 0.004
-0.004 0.008
-0.004 0.012
-0.004 0.016
-0.004 0.02
-0.004 0.024
-0.004 0.028
-0.004 0.032
-0.004 0.036
-0.004 0.04
-0.004 0.044
-0.004 0.048
-0.004 0.052
-0.004 0.056
-0.0508373 -0.00715385
0.0156001 0.0405072
0.00556437 -0.0556622
-0.0550815 -0.0080174
-0.0198408 -0.00465776
0.0535442 -0.00289985
0 -0.056
0 -0.052
0 -0.048
0 -0.044
0 -0.04
0 -0.036
0 -0.032
0 -0.028
0 -0.024
0 -0.02
0 -0.016
0 -0.012
0 -0.008
0 -0.004
0 0
0 0.004
0 0.008
0 0.012
0 0.016
0 0.02
0 0.024
0 0.028
0 0.032
0 0.036
0 0.04
0 0.044
0 0.048
0 0.052
0 0.056
0.0535442 0.00289985
-0.0198408 0.00465776
-0.0550815 0.0080174
0.00556437 0.0556622
0.0156001 -0.0405072
0.0396156 -0.00749162
-0.0555453 -0.000784539
0.004 -0.056
0.004 -0.052
0.004 -0.048
0.004 -0.044
0.004 -0.04
0.004 -0.036
0.004 -0.032
0.004 -0.028
0.004 -0.024
0.004 -0.02
0.004 -0.016
0.004 -0.012
0.004 -0.008
0.004 -0.004
0.004 0
0.004 0.004
0.004 0.008
0.004 0.012
0.004 0.016
0.004 0.02
0.004 0.024
0.004 0.028
0.004 0.032
0.004 0.036
0.004 0.04
0.004 0.044
0.004 0.048
0.004 0.052
0.004 0.056
-0.0555453 0.000784539
0.0396156 0.00749162
0.00358913 -0.0290596
0.008 -0.056
0.008 -0.052
0.008 -0.048
0.008 -0.044
0.008 -0.04
0.008 -0.036
0.008 -0.032
0.008 -0.028
0.008 -0.024
0.008 -0.02
0.008 -0.016
0.008 -0.012
0.008 -0.008
0.008 -0.004
0.008 0
0.008 0.004
0.008 0.008
0.008 0.012
0.008 0.016
0.008 0.02
0.008 0.024
0.008 0.028
0.008 0.032
0.008 0.036
0.008 0.04
0.008 0.044
0.008 0.048
0.008 0.052
0.008 0.056
0.00358913 0.0290596
0.0122183 0.0493983
0.012 -0.056
0.012 -0.052
0.012 -0.048
0.012 -0.044
0.012 -0.04
0.012 -0.036
0.012 -0.032
0.012 -0.028
0.012 -0.024
0.012 -0.02
0.012 -0.016
0.012 -0.012
0.012 -0.008
0.012 -0.004
0.012 0
0.012 0.004
0.012 0.008
0.012 0.012
0.012 0.016
0.012 0.02
0.012 0.024
0.012 0.028
0.012 0.032
0.012 0.036
0.012 0.04
0.012 0.044
0.012 0.048
0.012 0.052
0.012 0.056
0.0122183 -0.0493983
0.016 -0.052
0.016 -0.048
0.016 -0.044
0.016 -0.04
0.016 -0.036
0.016 -0.032
0.016 -0.028
0.016 -0.024
0.016 -0.02
0.016 -0.016
0.016 -0.012
0.016 -0.008
0.016 -0.004
0.016 0
0.016 0.004
0.016 0.008
0.016 0.012
0.016 0.016
0.016 0.02
0.016 0.024
0.016 0.028
0.016 0.032
0.016 0.036
0.016 0.04
0.016 0.044
0.016 0.048
0.016 0.052
0.0265134 -0.0294939
-0.033555 -0.0143222
0.02 -0.052
0.02 -0.048
0.02 -0.044
0.02 -0.04
0.02 -0.036
0.02 -0.032
0.02 -0.028
0.02 -0.024
0.02 -0.02
0.02 -0.016
0.02 -0.012
0.02 -0.008
0.02 -0.004
0.02 0
0.02 0.004
0.02 0.008
0.02 0.012
0.02 0.016
0.02 0.02
0.02 0.024
0.02 0.028
0.02 0.032
0.02 0.036
0.02 0.04
0.02 0.044
0.02 0.048
0.02 0.052
-0.033555 0.0143222
0.0265134 0.0294939
0.0409186 0.0337728
-0.0213957 0.0449828
0.024 -0.052
0.024 -0.048
0.024 -0.044
0.024 -0.04
0.024 -0.036
0.024 -0.032
0.024 -0.028
0.024 -0.024
0.024 -0.02
0.024 -0.016
0.024 -0.012
0.024 -0.008
0.024 -0.004
0.024 0
0.024 0.004
0.024 0.008
0.024 0.012
0.024 0.016
0.024 0.02
0.024 0.024
0.024 0.028
0.024 0.032
0.024 0.036
0.024 0.04
0.024 0.044
0.024 0.048
0.024 0.052
-0.0213957 -0.0449828
0.0409186 -0.0337728
0.028 -0.048
0.028 -0.044
0.028 -0.04
0.028 -0.036
0.028 -0.032
0.028 -0.028
0.028 -0.024
0.028 -0.02
0.028 -0.016
0.028 -0.012
0.028 -0.008
0.028 -0.004
0.028 0
0.028 0.004
0.028 0.008
0.028 0.012
0.028 0.016
0.028 0.02
0.028 0.024
0.028 0.028
0.028 0.032
0.028 0.036
0.028 0.04
0.028 0.044
0.028 0.048
0.032 -0.048
0.032 -0.044
0.032 -0.04
0.032 -0.036
0.032 -0.032
0.032 -0.028
0.032 -0.024
0.032 -0.02
0.032 -0.016
0.032 -0.012
0.032 -0.008
0.032 -0.004
0.032 0
0.032 0.004
0.032 0.008
0.032 0.012
0.032 0.016
0.032 0.02
0.032 0.024
0.032 0.028
0.032 0.032
0.032 0.036
0.032 0.04
0.032 0.044
0.032 0.048
0.036 -0.044
0.036 -0.04
0.036 -0.036
0.036 -0.032
0.036 -0.028
0.036 -0.024
0.036 -0.02
0.036 -0.016
0.036 -0.012
0.036 -0.008
0.036 -0.004
0.036 0
0.036 0.004
0.036 0.008
0.036 0.012
0.036 0.016
0.036 0.02
0.036 0.024
0.036 0.028
0.036 0.032
0.036 0.036
0.036 0.04
0.036 0.044
0.04 -0.04
0.04 -0.036
0.04 -0.032
0.04 -0.028
0.04 -0.024
0.04 -0.02
0.04 -0.016
0.04 -0.012
0.04 -0.008
0.04 -0.004
0.04 0
0.04 0.004
0.04 0.008
0.04 0.012
0.04 0.016
0.04 0.02
0.04 0.024
0.04 0.028
0.04 0.032
0.04 0.036
0.04 0.04
0.044 -0.036
0.044 -0.032
0.044 -0.028
0.044 -0.024
0.044 -0.02
0.044 -0.016
0.044 -0.012
0.044 -0.008
0.044 -0.004
0.044 0
0.044 0.004
0.044 0.008
0.044 0.012
0.044 0.016
0.044 0.02
0.044 0.024
0.044 0.028
0.044 0.032
0.044 0.036
0.0269756 -0.0308309
-0.0158432 -0.0109424
0.048 -0.032
0.048 -0.028
0.048 -0.024
0.048 -0.02
0.048 -0.016
0.048 -0.012
0.048 -0.008
0.048 -0.004
0.048 0
0.048 0.004
0.048 0.008
0.048 0.012
0.048 0.016
0.048 0.02
0.048 0.024
0.048 0.028
0.048 0.032
-0.0158432 0.0109424
0.0269756 0.0308309
0.0473145 0.0137411
0.00234936 0.0322785
0.052 -0.024
0.052 -0.02
0.052 -0.016
0.052 -0.012
0.052 -0.008
0.052 -0.004
0.052 0
0.052 0.004
0.052 0.008
0.052 0.012
0.052 0.016
0.052 0.02
0.052 0.024
0.00234936 -0.0322785
0.0473145 -0.0137411
0.056 -0.012
0.056 -0.008
0.056 -0.004
0.056 0
0.056 0.004
0.056 0.008
0.056 0.012
0.0274938 0.00526596
0.0274938 -0.00526596
-0.0238664 0.0429341
-0.0238664 -0.0429341
-0.0177064 -0.0395552
-0.0378057 -0.0195718
-0.0378057 0.0195718
-0.0177064 0.0395552
0.0231777 -0.0403047
0.00277454 -0.0193028
-0.0179806 0.00101606
-0.0390437 0.0206642
-0.0390437 -0.0206642
-0.0179806 -0.00101606
0.00277454 0.0193028
0.0231777 0.0403047
0.0447218 -0.0197386
0.0236072 0.00163297
0.00215225 0.0222751
-0.0195961 0.0422021
-0.0195961 -0.0422021
0.00215225 -0.0222751
0.0236072 -0.00163297
0.0447218 0.0197386
0.0447798 0.0232986
0.0225781 0.0442499
0.0225781 -0.0442499
0.0447798 -0.0232986
-0.0232594 -0.0048453
-0.0232594 0.0048453
0.048589 -0.00872543
0.048589 0.00872543
-0.0142412 -0.0127412
-0.0142412 0.0127412
0.00737307 -0.0567274
0.00682087 -0.0500993
0.00682087 0.0500993
0.00737307 0.0567274
0.0450254 -0.0287188
0.0450254 0.0287188
0.0500146 -0.0101675
0.0500146 0.0101675
0.0487075 -0.00975569
-0.0490529 0.0229936
-0.0490529 -0.0229936
0.0487075 0.00975569
0.0384878 -0.00686752
0.0384878 0.00686752
-0.0263828 -0.0465912
-0.0263828 0.0465912
-0.0105932 -0.0160268
-0.0105932 0.0160268
0.0370935 0.0320038
0.0370935 -0.0320038
-0.00272291 0.0219212
-0.00272291 -0.0219212
0.00792186 -0.0567265
0.00792186 0.0567265
-0.0135062 0.0142519
-0.0135062 -0.0142519
-0.0388676 -0.00731051
0.0224299 0.00610005
0.0224299 -0.00610005
-0.0388676 0.00731051
0.01028 -0.0486631
0.01028 0.0486631
-0.0303118 0.0423817
-0.0303118 -0.0423817
-0.0488227 -0.0270244
-0.0493704 -0.0189962
-0.0498866 -0.0108918
-0.0503699 -0.00271018
-0.0508189 0.00554984
-0.0512323 0.0138893
-0.0516086 0.0223093
-0.0516086 -0.0223093
-0.0512323 -0.0138893
-0.0508189 -0.00554984
-0.0503699 0.00271018
-0.0498866 0.0108918
-0.0493704 0.0189962
-0.0488227 0.0270244
-0.0403437 -0.0344214
-0.0408476 -0.0264986
-0.0413203 -0.0185019
-0.0417604 -0.0104303
-0.0421665 -0.00228274
-0.0425373 0.00594181
-0.0428715 0.0142444
-0.0431675 0.022626
-0.0434238 0.0310877
-0.0287344 0.0395319
-0.0287344 -0.0395319
-0.0434238 -0.0310877
-0.0431675 -0.022626
-0.0428715 -0.0142444
-0.0425373 -0.00594181
-0.0421665 0.00228274
-0.0417604 0.0104303
-0.0413203 0.0185019
-0.0408476 0.0264986
-0.0403437 0.0344214
-0.0320104 -0.0417583
-0.0324727 -0.0339384
-0.0329039 -0.0260468
-0.0333028 -0.0180826
-0.0336681 -0.0100448
-0.0339984 -0.00193229
-0.0342925 0.00625577
-0.0345488 0.0145204
-0.034766 0.0228626
-0.0349424 0.0312834
-0.0350767 0.0397838
-0.0367981 0.00203619
0.00684102 0.0200205
0.00684102 -0.0200205
-0.0367981 -0.00203619
-0.0350767 -0.0397838
-0.0349424 -0.0312834
-0.034766 -0.0228626
-0.0345488 -0.0145204
-0.0342925 -0.00625577
-0.0339984 0.00193229
-0.0336681 0.0100448
-0.0333028 0.0180826
-0.0329039 0.0260468
-0.0324727 0.0339384
-0.0320104 0.0417583
0.0532054 -3.13655e-05
-0.0291645 0.00223717
-0.0250905 -0.0226811
-0.0238186 -0.0490355
-0.0242411 -0.0413161
-0.0246328 -0.0335271
-0.0249925 -0.0256677
-0.0253189 -0.0177369
-0.0256107 -0.00973378
-0.0258667 -0.00165742
-0.0260853 0.00649314
-0.0262653 0.0147189
-0.0264051 0.0230207
-0.0265033 0.0313995
-0.0265582 0.0398564
-0.0265684 0.0483922
-0.0336035 0.0439047
0.0343671 0.0199957
-0.0176296 -0.0429454
0.0260949 -0.0224477
0.0260949 0.0224477
-0.0176296 0.0429454
0.0343671 -0.0199957
-0.0336035 -0.0439047
-0.0265684 -0.0483922
-0.0265582 -0.0398564
-0.0265033 -0.0313995
-0.0264051 -0.0230207
-0.0262653 -0.0147189
-0.0260853 -0.00649314
-0.0258667 0.00165742
-0.0256107 0.00973378
-0.0253189 0.0177369
-0.0249925 0.0256677
-0.0246328 0.0335271
-0.0242411 0.0413161
-0.0238186 0.0490355
-0.0250905 0.0226811
-0.0291645 -0.00223717
0.0532054 3.13655e-05
-0.0161486 -0.0486321
-0.0165026 -0.0409433
-0.0168249 -0.0331862
-0.0171143 -0.0253599
-0.0173695 -0.0174635
-0.0175892 -0.00949607
-0.0177721 -0.00145675
-0.0179168 0.00665537
-0.0180219 0.0148412
-0.0180859 0.0231016
-0.0181073 0.0314376
-0.0180846 0.03985
-0.0180161 0.0483397
-0.0338809 0.01411
0.0567032 -0.0100746
0.0567032 0.0100746
-0.0338809 -0.01411
-0.0180161 -0.0483397
-0.0180846 -0.03985
-0.0181073 -0.0314376
-0.0180859 -0.0231016
-0.0180219 -0.0148412
-0.0179168 -0.00665537
-0.0177721 0.00145675
-0.0175892 0.00949607
-0.0173695 0.0174635
-0.0171143 0.0253599
-0.0168249 0.0331862
-0.0165026 0.0409433
-0.0161486 0.0486321
0.0155734 -0.00737176
-0.0380402 0.00407163
-0.0208783 -0.0173572
-0.0081909 -0.0558871
-0.00850903 -0.0482962
-0.00879578 -0.0406389
-0.00904995 -0.0329146
-0.00927032 -0.0251222
-0.00945563 -0.0172611
-0.00960457 -0.00933026
-0.00971582 -0.00132888
-0.00978797 0.00674389
-0.00981963 0.0148889
-0.00980932 0.0231071
-0.00975553 0.0313993
-0.00965672 0.0397663
-0.00951127 0.048209
-0.00931756 0.0567283
-0.00931756 -0.0567283
-0.00951127 -0.048209
-0.00965672 -0.0397663
-0.00975553 -0.0313993
-0.00980932 -0.0231071
-0.00981963 -0.0148889
-0.00978797 -0.00674389
-0.00971582 0.00132888
-0.00960457 0.00933026
-0.00945563 0.0172611
-0.00927032 0.0251222
-0.00904995 0.0329146
-0.00879578 0.0406389
-0.00850903 0.0482962
-0.0081909 0.0558871
-0.0208783 0.0173572
-0.0380402 -0.00407163
0.0155734 0.00737176
0.0266003 0.0484062
-0.000648036 -0.0555862
-0.0009009 -0.0480265
-0.00112155 -0.0404016
-0.00130879 -0.0327109
-0.0014614 -0.0249534
-0.0015781 -0.0171284
-0.00165761 -0.00923498
-0.00169857 -0.00127242
-0.00169961 0.00676015
-0.0016593 0.0148635
-0.00157618 0.0230386
-0.00144874 0.0312861
-0.00127544 0.0396068
-0.00105467 0.0480017
-0.000784788 0.0564715
-0.00543204 -0.021492
-0.00543204 0.021492
-0.000784788 -0.0564715
-0.00105467 -0.0480017
-0.00127544 -0.0396068
-0.00144874 -0.0312861
-0.00157618 -0.0230386
-0.0016593 -0.0148635
-0.00169961 -0.00676015
-0.00169857 0.00127242
-0.00165761 0.00923498
-0.0015781 0.0171284
-0.0014614 0.0249534
-0.00130879 0.0327109
-0.00112155 0.0404016
-0.0009009 0.0480265
-0.000648036 0.0555862
0.0266003 -0.0484062
-0.01931 -0.0353133
0.00686377 -0.0553496
0.00667502 -0.0478219
0.00651928 -0.0402302
0.00639774 -0.0325739
0.00631164 -0.0248521
0.00626223 -0.017064
0.00625082 -0.00920888
0.00627876 -0.00128595
0.00634743 0.00670558
0.00645824 0.0147665
0.00661266 0.0228976
0.00681219 0.0310996
0.00705839 0.0393733
0.00735284 0.0477195
0.00769719 0.0561389
-0.0412556 -0.0233957
-0.0412556 0.0233957
0.00769719 -0.0561389
0.00735284 -0.0477195
0.00705839 -0.0393733
0.00681219 -0.0310996
0.00661266 -0.0228976
0.00645824 -0.0147665
0.00634743 -0.00670558
0.00627876 0.00128595
0.00625082 0.00920888
0.00626223 0.017064
0.00631164 0.0248521
0.00639774 0.0325739
0.00651928 0.0402302
0.00667502 0.0478219
0.00686377 0.0553496
-0.01931 0.0353133
0.00194449 0.0400943
0.0143437 -0.0551761
0.0142179 -0.0476812
0.0141259 -0.0401235
0.0140689 -0.0325024
0.014048 -0.024817
0.0140646 -0.0170667
0.0141199 -0.0092506
0.0142154 -0.00136809
0.0143523 0.00658163
0.0145322 0.0145993
0.0147564 0.0226856
0.0150265 0.0308414
0.015344 0.0390673
0.0157105 0.047364
0.0157105 -0.047364
0.015344 -0.0390673
0.0150265 -0.0308414
0.0147564 -0.0226856
0.0145322 -0.0145993
0.0143523 -0.00658163
0.0142154 0.00136809
0.0141199 0.0092506
0.0140646 0.0170667
0.014048 0.024817
0.0140689 0.0325024
0.0141259 0.0401235
0.0142179 0.0476812
0.0143437 0.0551761
0.00194449 -0.0400943
0.0217271 -0.0476033
0.0216976 -0.0400803
0.0217038 -0.0324951
0.0217469 -0.0248469
0.0218281 -0.0171351
0.0219489 -0.00935878
0.0221105 -0.00151742
0.0223143 0.00638975
0.0225617 0.0143634
0.0228542 0.0224043
0.0231933 0.030513
0.0235805 0.0386904
0.0240174 0.0469369
0.0240174 -0.0469369
0.0235805 -0.0386904
0.0231933 -0.030513
0.0228542 -0.0224043
0.0225617 -0.0143634
0.0223143 -0.00638975
0.0221105 0.00151742
0.0219489 0.00935878
0.0218281 0.0171351
0.0217469 0.0248469
0.0217038 0.0324951
0.0216976 0.0400803
0.0217271 0.0476033
0.0292018 -0.0475869
0.0292336 -0.0400994
0.0293018 -0.0325508
0.0294076 -0.0249405
0.0295522 -0.0172678
0.0297371 -0.00953206
0.0299634 -0.00173255
0.0302327 0.00613136
0.0305462 0.0140603
0.0309055 0.022055
0.0313121 0.0301161
0.0317674 0.0382442
0.0322731 0.0464399
0.0322731 -0.0464399
0.0317674 -0.0382442
0.0313121 -0.0301161
0.0309055 -0.022055
0.0305462 -0.0140603
0.0302327 -0.00613136
0.0299634 0.00173255
0.0297371 0.00953206
0.0295522 0.0172678
0.0294076 0.0249405
0.0293018 0.0325508
0.0292336 0.0400994
0.0292018 0.0475869
0.0367332 -0.0401795
0.0368622 -0.0326683
0.0370294 -0.0250965
0.0372362 -0.0174637
0.0374837 -0.00976908
0.0377735 -0.00201209
0.0381068 0.00580791
0.038485 0.0136915
0.0389096 0.0216394
0.0393821 0.0296522
0.039904 0.0377304
0.039904 -0.0377304
0.0393821 -0.0296522
0.0389096 -0.0216394
0.038485 -0.0136915
0.0381068 -0.00580791
0.0377735 0.00201209
0.0374837 0.00976908
0.0372362 0.0174637
0.0370294 0.0250965
0.0368622 0.0326683
0.0367332 0.0401795
0.0443843 -0.0328462
0.0446117 -0.0253137
0.0448793 -0.0177213
0.0451883 -0.0100685
0.04554 -0.00235464
0.0459359 0.00542082
0.0463773 0.0132585
0.0468658 0.021159
0.0474026 0.0291228
0.0474026 -0.0291228
0.0468658 -0.021159
0.0463773 -0.0132585
0.0459359 -0.00542082
0.04554 0.00235464
0.0451883 0.0100685
0.0448793 0.0177213
0.0446117 0.0253137
0.0443843 0.0328462
0.0524809 -0.0180393
0.05285 -0.0104289
0.0532624 -0.00275882
0.0537195 0.00497153
0.0542227 0.0127627
0.0542227 -0.0127627
0.0537195 -0.00497153
0.0532624 0.00275882
0.05285 0.0104289
0.0524809 0.0180393
0.00935884 0.0155158
0.00935884 -0.0155158
-0.0340786 -0.0209506
-0.0295195 -0.0425613
-0.0295195 0.0425613
-0.0340786 0.0209506
0.0330994 -0.0121186
0.0119308 -0.0361181
-0.0123738 -0.0185046
-0.0368788 -0.00160927
-0.0499626 -0.00991113
-0.0279042 0.0106747
-0.00633129 0.0306515
0.0147926 0.0500495
0.0147926 -0.0500495
-0.00633129 -0.0306515
-0.0279042 -0.0106747
-0.0499626 0.00991113
-0.0368788 0.00160927
-0.0123738 0.0185046
0.0119308 0.0361181
0.0330994 0.0121186
0.0300255 -0.0115471
0.00497181 0.00627071
-0.0202545 0.0233358
-0.0288053 -0.0318973
-0.00739104 -0.0108241
0.0135708 0.00960392
0.0341136 0.0294194
0.0341136 -0.0294194
0.0135708 -0.00960392
-0.00739104 0.0108241
-0.0288053 0.0318973
-0.0202545 -0.0233358
0.00497181 -0.00627071
0.0300255 0.0115471
-0.0353508 0.0378192
0.0483292 0.0138053
0.0224896 0.031799
-0.00349195 0.0490037
-0.00716041 -0.0532033
0.0135743 -0.0316784
0.0338915 -0.0108315
0.0538217 0.00937169
0.0538217 -0.00937169
0.0338915 0.0108315
0.0135743 0.0316784
-0.00716041 0.0532033
-0.00349195 -0.0490037
0.0224896 -0.031799
0.0483292 -0.0138053
-0.0353508 -0.0378192
-0.0188446 0.0254574
-0.0188446 -0.0254574
0.00098867 -0.0359089
0.00098867 0.0359089
0.0522989 -0.0198993
0.0522989 0.0198993
-0.0184107 -0.00559304
-0.0184107 0.00559304
-0.00495275 0.0441821
-0.00495275 -0.0441821
-0.0252759 0.0284459
-0.0252759 -0.0284459
-0.0481998 0.0215494
-0.0481998 -0.0215494
0.0483108 0.0227554
0.0285026 -0.0467004
0.0259694 0.0234869
0.0259694 -0.0234869
0.0285026 0.0467004
0.0483108 -0.0227554
0.0400619 -0.0197093
0.0400619 0.0197093
0.0192295 0.00806631
0.0192295 -0.00806631
0.0137881 0.0163118
0.0137881 -0.0163118
-0.00823977 0.0555456
-0.00823977 -0.0555456
0.0151049 -0.0322482
0.0151049 0.0322482
0.0468042 -0.0121638
0.0468042 0.0121638
-0.00362232 0.0122186
-0.00362232 -0.0122186
-0.0161036 0.0302446
-0.0161036 -0.0302446
-0.0143734 -0.0526785
-0.0143734 0.0526785
0.0212613 0.0149975
0.0212613 -0.0149975
-0.014836 -0.0414584
-0.014836 0.0414584
-0.00677308 0.0166568
-0.00677308 -0.0166568
0.0102237 0.0208306
0.0102237 -0.0208306
-0.00183129 0.0202058
-0.00183129 -0.0202058
0.0321389 -0.0379288
-0.00122401 -0.0310509
-0.00122401 0.0310509
0.0321389 0.0379288
-0.0143343 0.00903462
0.0388585 0.0203897
0.0388585 -0.0203897
-0.0143343 -0.00903462
-0.00213232 -0.0461829
-0.00213232 0.0461829
-0.0380039 -0.0210455
0.00268999 0.0449818
0.00268999 -0.0449818
-0.0380039 0.0210455
-0.0504485 -0.0278824
-0.0510763 -0.0207176
-0.0516756 -0.0134764
-0.0522451 -0.00615763
-0.0527833 0.00123995
-0.0532888 0.00871758
-0.0537601 0.0162765
-0.0537601 -0.0162765
-0.0532888 -0.00871758
-0.0527833 -0.00123995
-0.0522451 0.00615763
-0.0516756 0.0134764
-0.0510763 0.0207176
-0.0504485 0.0278824
0.018876 -0.019222
-0.0454846 -0.0194649
-0.0427541 -0.0343406
-0.0433352 -0.0272781
-0.043888 -0.0201417
-0.044411 -0.0129303
-0.044903 -0.00564272
-0.0453625 0.00172226
-0.045788 0.00916582
-0.0461781 0.0166891
-0.0465312 0.0242935
-0.0468456 0.03198
-0.0468456 -0.03198
-0.0465312 -0.0242935
-0.0461781 -0.0166891
-0.045788 -0.00916582
-0.0453625 -0.00172226
-0.044903 0.00564272
-0.044411 0.0129303
-0.043888 0.0201417
-0.0433352 0.0272781
-0.0427541 0.0343406
-0.0454846 0.0194649
0.018876 0.019222
0.00616554 -0.0359035
0.0400996 -0.0397789
-0.0028973 -0.0312103
-0.044394 -0.0237017
0.0164505 0.0474716
0.0403305 -0.0274843
-0.0352051 -0.0407446
-0.0357419 -0.0337819
-0.0362503 -0.0267477
-0.0367293 -0.0196409
-0.0371774 -0.0124604
-0.0375933 -0.00520519
-0.0379756 0.00212601
-0.0383227 0.00953427
-0.0386332 0.0170208
-0.0389055 0.0245866
-0.0391379 0.032233
-0.0393287 0.0399612
-0.0393287 -0.0399612
-0.0391379 -0.032233
-0.0389055 -0.0245866
-0.0386332 -0.0170208
-0.0383227 -0.00953427
-0.0379756 -0.00212601
-0.0375933 0.00520519
-0.0371774 0.0124604
-0.0367293 0.0196409
-0.0362503 0.0267477
-0.0357419 0.0337819
-0.0352051 0.0407446
0.0403305 0.0274843
0.0164505 -0.0474716
-0.044394 0.0237017
-0.0028973 0.0312103
0.0400996 0.0397789
0.00616554 0.0359035
0.0186177 0.01244
0.0147416 -0.00258058
-0.0168766 0.0500024
0.0484005 0.00459882
0.00434232 0.0115186
-0.0380713 0.017528
-0.027797 -0.0470945
-0.0282915 -0.0402291
-0.0287579 -0.0332946
-0.029195 -0.0262898
-0.0296015 -0.0192138
-0.029976 -0.0120654
-0.0303173 -0.00484359
-0.0306238 0.00245268
-0.0308941 0.00982451
-0.0311266 0.017273
-0.0313197 0.0247993
-0.0314718 0.0324044
-0.0315812 0.0400894
-0.0316461 0.0478556
0.0176704 0.043443
0.0176704 -0.043443
-0.0316461 -0.0478556
-0.0315812 -0.0400894
-0.0314718 -0.0324044
-0.0313197 -0.0247993
-0.0311266 -0.017273
-0.0308941 -0.00982451
-0.0306238 -0.00245268
-0.0303173 0.00484359
-0.029976 0.0120654
-0.0296015 0.0192138
-0.029195 0.0262898
-0.0287579 0.0332946
-0.0282915 0.0402291
-0.027797 0.0470945
-0.0380713 -0.017528
0.00434232 -0.0115186
0.0484005 -0.00459882
-0.0168766 -0.0500024
0.0147416 0.00258058
0.0186177 -0.01244
0.00993937 0.0551542
0.0188603 0.0459015
-0.0205251 -0.0533907
-0.0209794 -0.0466203
-0.0214059 -0.0397829
-0.0218032 -0.0328775
-0.0221702 -0.0259032
-0.0225056 -0.0188589
-0.022808 -0.0117437
-0.023076 -0.00455647
-0.0233082 0.00270378
-0.0235031 0.0100381
-0.0236592 0.0174475
-0.0237749 0.024933
-0.0238485 0.0324957
-0.0238782 0.0401367
-0.0238624 0.0478569
-0.0257758 0.0412199
-0.0257758 -0.0412199
-0.0238624 -0.0478569
-0.0238782 -0.0401367
-0.0238485 -0.0324957
-0.0237749 -0.024933
-0.0236592 -0.0174475
-0.0235031 -0.0100381
-0.0233082 -0.00270378
-0.023076 0.00455647
-0.022808 0.0117437
-0.0225056 0.0188589
-0.0221702 0.0259032
-0.0218032 0.0328775
-0.0214059 0.0397829
-0.0209794 0.0466203
-0.0205251 0.0533907
0.0188603 -0.0459015
0.00993937 -0.0551542
0.0116783 0.0427444
-0.0138014 -0.0529556
-0.0141898 -0.046213
-0.0145494 -0.0394046
-0.0148789 -0.0325294
-0.0151771 -0.0255866
-0.0154426 -0.0185751
-0.0156742 -0.011494
-0.0158705 -0.00434237
-0.0160299 0.00288084
-0.016151 0.0101766
-0.0162323 0.0175458
-0.0162722 0.0249896
-0.0162689 0.0325089
-0.0162208 0.0401046
-0.0161261 0.0477778
-0.0161261 -0.0477778
-0.0162208 -0.0401046
-0.0162689 -0.0325089
-0.0162722 -0.0249896
-0.0162323 -0.0175458
-0.016151 -0.0101766
-0.0160299 -0.00288084
-0.0158705 0.00434237
-0.0156742 0.011494
-0.0154426 0.0185751
-0.0151771 0.0255866
-0.0148789 0.0325294
-0.0145494 0.0394046
-0.0141898 0.046213
-0.0138014 0.0529556
0.0116783 -0.0427444
-0.0366478 -0.0439693
-0.00710529 -0.0525854
-0.00742899 -0.0458715
-0.00772293 -0.039093
-0.00798587 -0.032249
-0.00821655 -0.0253386
-0.00841367 -0.0183609
-0.00857588 -0.0113149
-0.00870177 -0.00419982
-0.00878991 0.00298536
-0.00883879 0.0102416
-0.00884686 0.0175697
-0.00881253 0.0249707
-0.00873412 0.0324455
-0.00860994 0.0399951
-0.0084382 0.0476203
-0.00821707 0.0553221
-0.00821707 -0.0553221
-0.0084382 -0.0476203
-0.00860994 -0.0399951
-0.00873412 -0.0324455
-0.00881253 -0.0249707
-0.00884686 -0.0175697
-0.00883879 -0.0102416
-0.00878991 -0.00298536
-0.00870177 0.00419982
-0.00857588 0.0113149
-0.00841367 0.0183609
-0.00821655 0.0253386
-0.00798587 0.032249
-0.00772293 0.039093
-0.00742899 0.0458715
-0.00710529 0.0525854
-0.0366478 0.0439693
0.0300555 -0.00425277
-0.000437799 -0.0522788
-0.000697962 -0.0455945
-0.00092747 -0.0388469
-0.0011251 -0.0320349
-0.00128958 -0.0251579
-0.0014196 -0.0182149
-0.00151382 -0.011205
-0.00157082 -0.00412736
-0.00158916 0.00301887
-0.00156733 0.0102346
-0.0015038 0.0175207
-0.00139695 0.024878
-0.00124514 0.0323074
-0.00104664 0.0398099
-0.000799696 0.0473862
-0.00050247 0.0550372
-0.0245878 0.0250721
-0.018922 -0.0181688
-0.018922 0.0181688
-0.0245878 -0.0250721
-0.00050247 -0.0550372
-0.000799696 -0.0473862
-0.00104664 -0.0398099
-0.00124514 -0.0323074
-0.00139695 -0.024878
-0.0015038 -0.0175207
-0.00156733 -0.0102346
-0.00158916 -0.00301887
-0.00157082 0.00412736
-0.00151382 0.011205
-0.0014196 0.0182149
-0.00128958 0.0251579
-0.0011251 0.0320349
-0.00092747 0.0388469
-0.000697962 0.0455945
-0.000437799 0.0522788
0.0300555 0.00425277
0.00620022 -0.0520348
0.00600242 -0.045381
0.00583611 -0.038665
0.00570253 -0.031886
0.00560294 -0.0250432
0.00553866 -0.0181357
0.00551104 -0.0111628
0.00552148 -0.0041235
0.00557144 0.00298289
0.00566242 0.0101572
0.00579596 0.0174004
0.00597366 0.0247132
0.00619718 0.0320964
0.00646821 0.0395508
0.00678854 0.0470773
0.00715997 0.0546767
0.00715997 -0.0546767
0.00678854 -0.0470773
0.00646821 -0.0395508
0.00619718 -0.0320964
0.00597366 -0.0247132
0.00579596 -0.0174004
0.00566242 -0.0101572
0.00557144 -0.00298289
0.00552148 0.0041235
0.00551104 0.0111628
0.00553866 0.0181357
0.00560294 0.0250432
0.00570253 0.031886
0.00583611 0.038665
0.00600242 0.045381
0.00620022 0.0520348
0.042653 -0.0234167
0.0128079 -0.0518522
0.0126713 -0.0452296
0.012567 -0.0385461
0.0124962 -0.0318009
0.0124602 -0.0249931
0.0124603 -0.018122
0.0124978 -0.0111868
0.0125743 -0.00418678
0.012691 0.00287895
0.0128496 0.0100111
0.0130516 0.0172105
0.0132985 0.0244779
0.013592 0.031814
0.0139338 0.0392197
0.0143257 0.0466956
0.0147694 0.0542426
0.0147694 -0.0542426
0.0143257 -0.0466956
0.0139338 -0.0392197
0.013592 -0.031814
0.0132985 -0.0244779
0.0130516 -0.0172105
0.0128496 -0.0100111
0.012691 -0.00287895
0.0125743 0.00418678
0.0124978 0.0111868
0.0124603 0.018122
0.0124602 0.0249931
0.0124962 0.0318009
0.012567 0.0385461
0.0126713 0.0452296
0.0128079 0.0518522
0.042653 0.0234167
0.0193846 -0.0517297
0.0193079 -0.0451392
0.0192643 -0.038489
0.019255 -0.0317783
0.0192813 -0.0250064
0.0193444 -0.0181725
0.0194458 -0.0112758
0.0195868 -0.00431573
0.0197688 0.00270856
0.0199935 0.00979777
0.0202622 0.0169526
0.0205767 0.0241739
0.0209385 0.0314622
0.0213493 0.0388183
0.0218109 0.0462429
0.0218109 -0.0462429
0.0213493 -0.0388183
0.0209385 -0.0314622
0.0205767 -0.0241739
0.0202622 -0.0169526
0.0199935 -0.00979777
0.0197688 -0.00270856
0.0195868 0.00431573
0.0194458 0.0112758
0.0193444 0.0181725
0.0192813 0.0250064
0.019255 0.0317783
0.0192643 0.038489
0.0193079 0.0451392
0.0193846 0.0517297
0.0259115 -0.0451086
0.0259274 -0.0384924
0.0259783 -0.031817
0.0260655 -0.0250816
0.0261903 -0.0182856
0.0263541 -0.0114282
0.0265582 -0.00450886
0.026804 0.00247325
0.0270932 0.00951877
0.0274272 0.0166284
0.0278075 0.0238027
0.0282359 0.0310425
0.0287141 0.0383484
0.0292436 0.045721
-0.0375521 0.0285711
-0.0375521 -0.0285711
0.0292436 -0.045721
0.0287141 -0.0383484
0.0282359 -0.0310425
0.0278075 -0.0238027
0.0274272 -0.0166284
0.0270932 -0.00951877
0.026804 -0.00247325
0.0265582 0.00450886
0.0263541 0.0114282
0.0261903 0.0182856
0.0260655 0.0250816
0.0259783 0.031817
0.0259274 0.0384924
0.0259115 0.0451086
-0.054105 -0.00168491
0.00536769 -0.00121599
0.0324813 -0.0451365
0.0325555 -0.038555
0.0326654 -0.0319156
0.0328122 -0.0252175
0.0329973 -0.0184601
0.033222 -0.0116427
0.0334878 -0.00476472
0.033796 0.00217453
0.0341481 0.00917567
0.0345457 0.0162394
0.0349904 0.0233662
0.0354837 0.0305568
0.0360274 0.0378118
-0.0553179 6.82426e-05
-0.0292807 0.0173589
-0.00383346 0.0341595
0.0210679 0.050483
0.0210679 -0.050483
-0.00383346 -0.0341595
-0.0292807 -0.0173589
-0.0553179 -6.82426e-05
0.0360274 -0.0378118
0.0354837 -0.0305568
0.0349904 -0.0233662
0.0345457 -0.0162394
0.0341481 -0.00917567
0.033796 -0.00217453
0.0334878 0.00476472
0.033222 0.0116427
0.0329973 0.0184601
0.0328122 0.0252175
0.0326654 0.0319156
0.0325555 0.038555
0.0324813 0.0451365
0.00536769 0.00121599
-0.054105 0.00168491
0.00485172 -0.0403109
-0.00393396 0.00899897
0.0391479 -0.0386756
0.0393154 -0.0320728
0.0395206 -0.0254127
0.0397647 -0.0186945
0.040049 -0.0119178
0.040375 -0.00508185
0.040744 0.0018139
0.0411576 0.00877005
0.0416173 0.0157872
0.0421246 0.0228659
0.0426811 0.0300067
0.0432886 0.0372102
-0.0374618 -0.0260189
-0.011945 -0.00812326
0.0129973 0.0092378
0.0374072 0.0260802
0.0374072 -0.0260802
0.0129973 -0.0092378
-0.011945 0.00812326
-0.0374618 0.0260189
0.0432886 -0.0372102
0.0426811 -0.0300067
0.0421246 -0.0228659
0.0416173 -0.0157872
0.0411576 -0.00877005
0.040744 -0.0018139
0.040375 0.00508185
0.040049 0.0119178
0.0397647 0.0186945
0.0395206 0.0254127
0.0393154 0.0320728
0.0391479 0.0386756
-0.00393396 -0.00899897
0.00485172 0.0403109
0.0471818 0.0167924
-0.0102621 -0.0518711
-0.0287716 -0.0396245
-0.0473854 -0.0277709
0.0459279 -0.0322875
0.0461901 -0.0256658
0.0464918 -0.0189876
0.0468343 -0.0122521
0.0472191 -0.00545877
0.0476475 0.00139288
0.048121 0.00830344
0.0486412 0.0152734
0.0492095 0.0223034
-0.0189866 -0.0515539
0.00596472 -0.0330712
0.03036 -0.0151656
0.0542392 0.00218169
0.0542392 -0.00218169
0.03036 0.0151656
0.00596472 0.0330712
-0.0189866 0.0515539
0.0492095 -0.0223034
0.0486412 -0.0152734
0.048121 -0.00830344
0.0476475 -0.00139288
0.0472191 0.00545877
0.0468343 0.0122521
0.0464918 0.0189876
0.0461901 0.0256658
0.0459279 0.0322875
-0.0473854 0.0277709
-0.0287716 0.0396245
-0.0102621 0.0518711
0.0471818 -0.0167924
0.0210502 -0.0459819
0.00224116 -0.0332136
-0.0166732 -0.0208623
-0.0356801 -0.00891619
-0.0547677 0.00263737
0.0531781 -0.0193378
0.0535774 -0.0126442
0.0540196 -0.00589406
0.0545059 0.000912946
0.0550378 0.00777737
0.0556169 0.0146997
0.0556169 -0.0146997
0.0550378 -0.00777737
0.0545059 -0.000912946
0.0540196 0.00589406
0.0535774 0.0126442
0.0531781 0.0193378
-0.0547677 -0.00263737
-0.0356801 0.00891619
-0.0166732 0.0208623
0.00224116 0.0332136
0.0210502 0.0459819
0.0340885 -0.0270134
0.0148496 -0.0141389
-0.00448239 -0.00169502
-0.0238942 0.0103312
-0.0433735 0.0219532
-0.0433735 -0.0219532
-0.0238942 -0.0103312
-0.00448239 0.00169502
0.0148496 0.0141389
0.0340885 0.0270134
0.0472341 -0.00760168
0.027551 0.00536654
0.00778805 0.01789
-0.012041 0.0299828
-0.0319233 0.0416594
-0.0319233 -0.0416594
-0.012041 -0.0299828
0.00778805 -0.01789
0.027551 -0.00536654
0.0472341 0.00760168
0.0403322 0.0253168
0.0201244 0.0379059
-0.000134684 0.0500507
-0.0232913 0.0167694
-0.000134684 -0.0500507
-0.0232913 -0.0167694
0.0201244 -0.0379059
0.0403322 -0.0253168
-0.00214916 -0.00882942
-0.00214916 0.00882942
0.0315553 0.0206006
0.0315553 -0.0206006
0.00188163 0.0415451
0.00188163 -0.0415451
-0.0171944 -0.0252369
-0.0171944 0.0252369
-0.00589032 -0.00738988
-0.00589032 0.00738988
-0.0218184 -0.043627
-0.0218184 0.043627
0.0195523 -0.0276408
0.0195523 0.0276408
0.0188797 0.00606709
0.0188797 -0.00606709
-0.0161599 -0.0123066
-0.0161599 0.0123066
0.0159408 -0.0405739
0.0159408 0.0405739
0.0298812 -0.000344063
0.0298812 0.000344063
-0.0218115 -0.0387207
-0.0218115 0.0387207
-0.00476241 0.0390194
-0.00476241 -0.0390194
-0.00598327 -0.0101762
-0.00598327 0.0101762
0.0114661 0.0357306
0.0114661 -0.0357306
-0.0520971 -0.0182513
-0.0520971 0.0182513
0.00448528 -0.0432492
0.0286874 0.0484857
0.0286874 -0.0484857
0.00448528 0.0432492
0.0218681 -0.0403995
0.0218681 0.0403995
0.0256484 -0.00692826
0.0256484 0.00692826
-0.0369944 0.00571721
0.0282836 0.00379315
0.0282836 -0.00379315
-0.0369944 -0.00571721
0.0205003 -0.0105371
0.0205003 0.0105371
0.00736445 0.0157214
0.00736445 -0.0157214
-0.0336882 0.0155944
0.00907361 0.0214931
0.0503242 0.0282657
0.0503242 -0.0282657
0.00907361 -0.0214931
-0.0336882 -0.0155944
-0.0274844 -0.0284671
0.0162299 -0.0209359
0.0162299 0.0209359
-0.0274844 0.0284671
0.0358525 0.0416317
0.0358525 -0.0416317
-0.0520228 -0.0231337
-0.0525005 -0.0179027
-0.0529625 -0.0126287
-0.0534083 -0.0073113
-0.0538372 -0.00194993
-0.0542488 0.00345594
-0.0546423 0.00890687
-0.0550171 0.0144034
-0.0550171 -0.0144034
-0.0546423 -0.00890687
-0.0542488 -0.00345594
-0.0538372 0.00194993
-0.0534083 0.0073113
-0.0529625 0.0126287
-0.0525005 0.0179027
-0.0520228 0.0231337
-0.0459037 -0.0329754
-0.0463697 -0.0278431
-0.0468206 -0.0226695
-0.0472559 -0.0174541
-0.0476751 -0.0121963
-0.0480774 -0.0068957
-0.0484625 -0.00155171
-0.0488296 0.00383617
-0.0491781 0.00926846
-0.0495074 0.0147457
-0.0498168 0.0202684
-0.0501057 0.0258372
-0.0501057 -0.0258372
-0.0498168 -0.0202684
-0.0495074 -0.0147457
-0.0491781 -0.00926846
-0.0488296 -0.00383617
-0.0484625 0.00155171
-0.0480774 0.0068957
-0.0476751 0.0121963
-0.0472559 0.0174541
-0.0468206 0.0226695
-0.0463697 0.0278431
-0.0459037 0.0329754
-0.040359 -0.0375992
-0.0407992 -0.0325223
-0.0412245 -0.0274051
-0.0416341 -0.0222471
-0.0420276 -0.0170479
-0.0424044 -0.0118068
-0.042764 -0.00652348
-0.0431057 -0.00119739
-0.043429 0.00417197
-0.0437331 0.00958511
-0.0440175 0.0150425
-0.0442815 0.0205448
-0.0445245 0.0260923
-0.0447456 0.0316857
-0.0447456 -0.0316857
-0.0445245 -0.0260923
-0.0442815 -0.0205448
-0.0440175 -0.0150425
-0.0437331 -0.00958511
-0.043429 -0.00417197
-0.0431057 0.00119739
-0.042764 0.00652348
-0.0424044 0.0118068
-0.0420276 0.0170479
-0.0416341 0.0222471
-0.0412245 0.0274051
-0.0407992 0.0325223
-0.040359 0.0375992
-0.034894 -0.042194
-0.0353094 -0.0371715
-0.0357099 -0.0321096
-0.0360948 -0.0270079
-0.0364637 -0.021866
-0.0368159 -0.0166834
-0.037151 -0.0114595
-0.0374684 -0.00619402
-0.0377674 -0.000886335
-0.0380474 0.004464
-0.0383079 0.00985747
-0.0385481 0.0152946
-0.0387674 0.0207758
-0.0389651 0.0263017
-0.0391404 0.0318727
-0.0392928 0.0374893
-0.0392928 -0.0374893
-0.0391404 -0.0318727
-0.0389651 -0.0263017
-0.0387674 -0.0207758
-0.0385481 -0.0152946
-0.0383079 -0.00985747
-0.0380474 -0.004464
-0.0377674 0.000886335
-0.0374684 0.00619402
-0.037151 0.0114595
-0.0368159 0.0166834
-0.0364637 0.021866
-0.0360948 0.0270079
-0.0357099 0.0321096
-0.0353094 0.0371715
-0.034894 0.042194
-0.0295067 -0.0467598
-0.0298983 -0.0417906
-0.0302749 -0.036783
-0.030636 -0.0317366
-0.0309812 -0.026651
-0.0313098 -0.0215256
-0.0316214 -0.0163601
-0.0319154 -0.011154
-0.0321911 -0.00590673
-0.032448 -0.000617931
-0.0326855 0.00471289
-0.0329029 0.0100862
-0.0330995 0.0155025
-0.0332748 0.0209622
-0.033428 0.0264659
-0.0335583 0.032014
-0.0336652 0.0376069
-0.0337477 0.0432452
0.00945325 0.0321124
0.00945325 -0.0321124
-0.0337477 -0.0432452
-0.0336652 -0.0376069
-0.0335583 -0.032014
-0.033428 -0.0264659
-0.0332748 -0.0209622
-0.0330995 -0.0155025
-0.0329029 -0.0100862
-0.0326855 -0.00471289
-0.032448 0.000617931
-0.0321911 0.00590673
-0.0319154 0.011154
-0.0316214 0.0163601
-0.0313098 0.0215256
-0.0309812 0.026651
-0.030636 0.0317366
-0.0302749 0.036783
-0.0298983 0.0417906
-0.0295067 0.0467598
-0.0241952 -0.0512967
-0.0245638 -0.0463798
-0.0249175 -0.0414255
-0.0252558 -0.0364334
-0.0255782 -0.0314029
-0.0258841 -0.0263337
-0.0261731 -0.0212254
-0.0264446 -0.0160775
-0.026698 -0.0108895
-0.0269327 -0.00566099
-0.0271481 -0.000391553
-0.0273436 0.00491928
-0.0275186 0.010272
-0.0276724 0.015667
-0.0278043 0.0211047
-0.0279136 0.0265857
-0.0279997 0.0321104
-0.0280618 0.0376792
-0.0280992 0.0432926
-0.028111 0.0489511
-0.000436062 -0.0291445
0.0188146 0.0476349
0.0188146 -0.0476349
-0.000436062 0.0291445
-0.028111 -0.0489511
-0.0280992 -0.0432926
-0.0280618 -0.0376792
-0.0279997 -0.0321104
-0.0279136 -0.0265857
-0.0278043 -0.0211047
-0.0276724 -0.015667
-0.0275186 -0.010272
-0.0273436 -0.00491928
-0.0271481 0.000391553
-0.0269327 0.00566099
-0.026698 0.0108895
-0.0264446 0.0160775
-0.0261731 0.0212254
-0.0258841 0.0263337
-0.0255782 0.0314029
-0.0252558 0.0364334
-0.0249175 0.0414255
-0.0245638 0.0463798
-0.0241952 0.0512967
-0.0193042 -0.0509392
-0.0196358 -0.0460372
-0.0199521 -0.0410983
-0.0202526 -0.036122
-0.0205367 -0.0311079
-0.020804 -0.0260557
-0.0210539 -0.0209648
-0.0212858 -0.0158349
-0.0214992 -0.0106655
-0.0216935 -0.00545619
-0.021868 -0.000206572
-0.0220223 0.00508382
-0.0221555 0.0104154
-0.0222671 0.0157887
-0.0223563 0.021204
-0.0224226 0.0266618
-0.0224651 0.0321626
-0.0224832 0.0377068
-0.0224761 0.0432949
-0.022443 0.0489273
0.0363454 -0.0316334
0.0363454 0.0316334
-0.022443 -0.0489273
-0.0224761 -0.0432949
-0.0224832 -0.0377068
-0.0224651 -0.0321626
-0.0224226 -0.0266618
-0.0223563 -0.021204
-0.0222671 -0.0157887
-0.0221555 -0.0104154
-0.0220223 -0.00508382
-0.021868 0.000206572
-0.0216935 0.00545619
-0.0214992 0.0106655
-0.0212858 0.0158349
-0.0210539 0.0209648
-0.020804 0.0260557
-0.0205367 0.0311079
-0.0202526 0.036122
-0.0199521 0.0410983
-0.0196358 0.0460372
-0.0193042 0.0509392
-0.0141177 -0.055469
-0.014428 -0.0506183
-0.0147231 -0.0457316
-0.0150025 -0.0408084
-0.0152657 -0.0358484
-0.0155121 -0.0308511
-0.0157413 -0.0258162
-0.0159526 -0.0207432
-0.0161456 -0.0156317
-0.0163196 -0.0104814
-0.016474 -0.00529174
-0.0166084 -6.23595e-05
-0.0167219 0.00520715
-0.016814 0.0105172
-0.0168841 0.0158683
-0.0169314 0.0212607
-0.0169553 0.026695
-0.016955 0.0321715
-0.0169298 0.0376907
-0.016879 0.0432529
-0.0168018 0.0488587
-0.0166974 0.0545084
-0.0180742 -0.0318743
0.0139653 -0.0390973
0.0139653 0.0390973
-0.0180742 0.0318743
-0.0166974 -0.0545084
-0.0168018 -0.0488587
-0.016879 -0.0432529
-0.0169298 -0.0376907
-0.016955 -0.0321715
-0.0169553 -0.026695
-0.0169314 -0.0212607
-0.0168841 -0.0158683
-0.016814 -0.0105172
-0.0167219 -0.00520715
-0.0166084 6.23595e-05
-0.016474 0.00529174
-0.0163196 0.0104814
-0.0161456 0.0156317
-0.0159526 0.0207432
-0.0157413 0.0258162
-0.0155121 0.0308511
-0.0152657 0.0358484
-0.0150025 0.0408084
-0.0147231 0.0457316
-0.014428 0.0506183
-0.0141177 0.055469
-0.00929234 -0.055169
-0.00956707 -0.0503335
-0.00982617 -0.0454624
-0.0100692 -0.0405554
-0.0102955 -0.0356121
-0.0105048 -0.030632
-0.0106963 -0.0256148
-0.0108697 -0.0205601
-0.0110243 -0.0154675
-0.0111595 -0.0103366
-0.0112747 -0.005167
-0.0113694 4.17158e-05
-0.011443 0.00528993
-0.0114946 0.0105781
-0.0115239 0.0159065
-0.0115299 0.0212756
-0.0115121 0.0266859
-0.0114697 0.0321377
-0.0114021 0.0376314
-0.0113084 0.0431674
-0.0111878 0.0487462
-0.0110397 0.0543681
-0.0110397 -0.0543681
-0.0111878 -0.0487462
-0.0113084 -0.0431674
-0.0114021 -0.0376314
-0.0114697 -0.0321377
-0.0115121 -0.0266859
-0.0115299 -0.0212756
-0.0115239 -0.0159065
-0.0114946 -0.0105781
-0.011443 -0.00528993
-0.0113694 -4.17158e-05
-0.0112747 0.005167
-0.0111595 0.0103366
-0.0110243 0.0154675
-0.0108697 0.0205601
-0.0106963 0.0256148
-0.0105048 0.030632
-0.0102955 0.0356121
-0.0100692 0.0405554
-0.00982617 0.0454624
-0.00956707 0.0503335
-0.00929234 0.055169
-0.00448212 -0.0549041
-0.00472172 -0.0500842
-0.00494532 -0.0452292
-0.00515243 -0.0403387
-0.00534253 -0.0354124
-0.00551511 -0.03045
-0.00566964 -0.0254509
-0.00580556 -0.0204149
-0.00592231 -0.0153416
-0.00601932 -0.0102305
-0.00609598 -0.00508136
-0.00615169 0.000106286
-0.00618583 0.0053328
-0.00619774 0.0105986
-0.00618678 0.015904
-0.00615227 0.0212494
-0.00609351 0.0266353
-0.00600979 0.032062
-0.00590037 0.0375298
-0.00576452 0.0430392
-0.00560145 0.0485905
-0.00541039 0.0541842
-0.00541039 -0.0541842
-0.00560145 -0.0485905
-0.00576452 -0.0430392
-0.00590037 -0.0375298
-0.00600979 -0.032062
-0.00609351 -0.0266353
-0.00615227 -0.0212494
-0.00618678 -0.015904
-0.00619774 -0.0105986
-0.00618583 -0.0053328
-0.00615169 -0.000106286
-0.00609598 0.00508136
-0.00601932 0.0102305
-0.00592231 0.0153416
-0.00580556 0.0204149
-0.00566964 0.0254509
-0.00551511 0.03045
-0.00534253 0.0354124
-0.00515243 0.0403387
-0.00494532 0.0452292
-0.00472172 0.0500842
-0.00448212 0.0549041
0.000312578 -0.0546739
0.000107626 -0.04987
-0.0444364 0.0117739
-8.09615e-05 -0.0450314
-0.000252688 -0.0401579
-0.000407044 -0.035249
-0.000543508 -0.0303045
-0.000661543 -0.025324
-0.0007606 -0.0203071
-0.000840114 -0.0152534
-0.000899504 -0.0101625
-0.000938178 -0.00503421
-0.000955524 0.000131986
-0.000950917 0.00533642
-0.000923714 0.0105795
-0.000873257 0.0158615
-0.000798869 0.0211828
-0.000699858 0.0265439
-0.000575511 0.031945
-0.000425099 0.0373866
-0.000247873 0.042869
-4.30655e-05 0.0483926
0.000190111 0.0539577
0.00999 0.0390954
0.00999 -0.0390954
0.000190111 -0.0539577
-4.30655e-05 -0.0483926
-0.000247873 -0.042869
-0.000425099 -0.0373866
-0.000575511 -0.031945
-0.000699858 -0.0265439
-0.000798869 -0.0211828
-0.000873257 -0.0158615
-0.000923714 -0.0105795
-0.000950917 -0.00533642
-0.000955524 -0.000131986
-0.000938178 0.00503421
-0.000899504 0.0101625
-0.000840114 0.0152534
-0.0007606 0.0203071
-0.000661543 0.025324
-0.000543508 0.0303045
-0.000407044 0.035249
-0.000252688 0.0401579
-8.09615e-05 0.0450314
0.000107626 0.04987
-0.0444364 -0.0117739
0.000312578 0.0546739
0.0050914 -0.054478
0.00492061 -0.0496903
0.00476654 -0.0448685
0.00462968 -0.0400123
0.00451055 -0.0351213
0.00440967 -0.0301951
0.00432758 -0.0252335
0.00426482 -0.020236
0.00422197 -0.0152023
0.00419959 -0.0101321
0.0041983 -0.00502493
0.00421869 0.000119448
0.0042614 0.00530143
0.00432706 0.0105214
0.00441634 0.0157796
0.00452991 0.0210765
0.00466846 0.0264124
0.0048327 0.0317877
0.00502337 0.0372027
0.0052412 0.0426577
0.00548696 0.0481531
0.00576144 0.0536892
-0.0242178 -0.0492903
-0.0242178 0.0492903
0.00576144 -0.0536892
0.00548696 -0.0481531
0.0052412 -0.0426577
0.00502337 -0.0372027
0.0048327 -0.0317877
0.00466846 -0.0264124
0.00452991 -0.0210765
0.00441634 -0.0157796
0.00432706 -0.0105214
0.0042614 -0.00530143
0.00421869 -0.000119448
0.0041983 0.00502493
0.00419959 0.0101321
0.00422197 0.0152023
0.00426482 0.020236
0.00432758 0.0252335
0.00440967 0.0301951
0.00451055 0.0351213
0.00462968 0.0400123
0.00476654 0.0448685
0.00492061 0.0496903
0.0050914 0.054478
0.00985399 -0.0543158
0.00971688 -0.0495448
0.00959683 -0.0447401
0.00949433 -0.0399015
0.00940991 -0.0350287
0.00934407 -0.0301212
0.00929736 -0.0251788
0.00927034 -0.0202011
0.00926356 -0.0151877
0.00927762 -0.0101385
0.00931309 -0.0050529
0.0093706 6.93071e-05
0.00945076 0.00522848
0.00955423 0.010425
0.00968165 0.0156591
0.00983371 0.0209312
0.0100111 0.0262416
0.0102145 0.0315906
0.0104447 0.0369786
0.0107023 0.0424059
0.0109883 0.0478729
0.0113032 0.0533797
0.0344976 -0.00309557
0.0344976 0.00309557
0.0113032 -0.0533797
0.0109883 -0.0478729
0.0107023 -0.0424059
0.0104447 -0.0369786
0.0102145 -0.0315906
0.0100111 -0.0262416
0.00983371 -0.0209312
0.00968165 -0.0156591
0.00955423 -0.010425
0.00945076 -0.00522848
0.0093706 -6.93071e-05
0.00931309 0.0050529
0.00927762 0.0101385
0.00926356 0.0151877
0.00927034 0.0202011
0.00929736 0.0251788
0.00934407 0.0301212
0.00940991 0.0350287
0.00949433 0.0399015
0.00959683 0.0447401
0.00971688 0.0495448
0.00985399 0.0543158
0.0146 -0.0541869
0.0144961 -0.0494328
0.0144096 -0.0446456
0.0143409 -0.039825
0.0142907 -0.0349707
0.0142593 -0.0300822
0.0142475 -0.0251594
0.0142556 -0.0202018
0.0142843 -0.0152092
0.0143342 -0.0101812
0.0144059 -0.0051175
0.0144998 -1.78037e-05
0.0146168 0.00511823
0.0147574 0.0102909
0.0149223 0.0155006
0.0151122 0.0207475
0.0153277 0.0260321
0.0155695 0.0313546
0.0158385 0.0367153
0.0161352 0.0421146
0.0164605 0.0475527
0.0168152 0.05303
0.0168152 -0.05303
0.0164605 -0.0475527
0.0161352 -0.0421146
0.0158385 -0.0367153
0.0155695 -0.0313546
0.0153277 -0.0260321
0.0151122 -0.0207475
0.0149223 -0.0155006
0.0147574 -0.0102909
0.0146168 -0.00511823
0.0144998 1.78037e-05
0.0144059 0.0051175
0.0143342 0.0101812
0.0142843 0.0152092
0.0142556 0.0202018
0.0142475 0.0251594
0.0142593 0.0300822
0.0142907 0.0349707
0.0143409 0.039825
0.0144096 0.0446456
0.0144961 0.0494328
0.0146 0.0541869
0.0193291 -0.0540908
0.0192579 -0.049354
0.0192044 -0.0445846
0.0191691 -0.0397823
0.0191525 -0.0349467
0.0191551 -0.0300776
0.0191776 -0.0251747
0.0192203 -0.0202376
0.019284 -0.015266
0.0193691 -0.0102596
0.0194763 -0.00521812
0.0196061 -0.000141251
0.0197593 0.00497132
0.0199364 0.0101199
0.0201381 0.0153048
0.020365 0.0205263
0.0206179 0.0257847
0.0208975 0.0310803
0.0212045 0.0364135
0.0215395 0.0417844
0.0219034 0.0471934
0.022297 0.0526408
-0.0387919 -0.0022229
-0.0445695 0.0294327
-0.0244324 0.0411631
-0.00462782 0.0526528
-0.00462782 -0.0526528
-0.0244324 -0.0411631
-0.0445695 -0.0294327
-0.0387919 0.0022229
0.022297 -0.0526408
0.0219034 -0.0471934
0.0215395 -0.0417844
0.0212045 -0.0364135
0.0208975 -0.0310803
0.0206179 -0.0257847
0.020365 -0.0205263
0.0201381 -0.0153048
0.0199364 -0.0101199
0.0197593 -0.00497132
0.0196061 0.000141251
0.0194763 0.00521812
0.0193691 0.0102596
0.019284 0.015266
0.0192203 0.0202376
0.0191776 0.0251747
0.0191551 0.0300776
0.0191525 0.0349467
0.0191691 0.0397823
0.0192044 0.0445846
0.0192579 0.049354
0.0193291 0.0540908
0.0240021 -0.0493078
0.0239811 -0.0445565
0.0239786 -0.0397728
0.0239951 -0.0349563
0.0240312 -0.0301069
0.0240873 -0.0252241
0.0241641 -0.0203078
0.0242621 -0.0153575
0.0243819 -0.0103731
0.024524 -0.00535413
0.0246891 -0.000300404
0.0248778 0.0047884
0.0250907 0.00991256
0.0253285 0.0150724
0.0255919 0.0202681
0.0258815 0.0255001
0.0261981 0.0307686
0.0265423 0.0360738
0.0269149 0.0414161
0.0273167 0.0467957
-0.0527765 -0.00308644
-0.0325424 0.00924786
-0.012657 0.0213189
0.00689892 0.0331305
0.0261433 0.0446858
0.0261433 -0.0446858
0.00689892 -0.0331305
-0.012657 -0.0213189
-0.0325424 -0.00924786
-0.0527765 0.00308644
0.0273167 -0.0467957
0.0269149 -0.0414161
0.0265423 -0.0360738
0.0261981 -0.0307686
0.0258815 -0.0255001
0.0255919 -0.0202681
0.0253285 -0.0150724
0.0250907 -0.00991256
0.0248778 -0.0047884
0.0246891 0.000300404
0.024524 0.00535413
0.0243819 0.0103731
0.0242621 0.0153575
0.0241641 0.0203078
0.0240873 0.0252241
0.0240312 0.0301069
0.0239951 0.0349563
0.0239786 0.0397728
0.0239811 0.0445565
0.0240021 0.0493078
0.0287282 -0.0492937
0.0287392 -0.0445608
0.028769 -0.039796
0.0288182 -0.034999
0.0288871 -0.0301695
0.0289765 -0.0253072
0.0290867 -0.0204119
0.0292185 -0.0154833
0.0293723 -0.0105211
0.0295487 -0.00552493
0.0297484 -0.00049463
0.029972 0.00457012
0.0302202 0.00966958
0.0304934 0.014804
0.0307926 0.0199738
0.0311182 0.025179
0.031471 0.03042
0.0318518 0.0356971
0.0322612 0.0410105
0.0327001 0.0463605
-0.0401256 -0.0233644
-0.0201668 -0.0106738
-0.000552113 0.00173418
0.018737 0.0138643
0.0377181 0.0257208
0.0377181 -0.0257208
0.018737 -0.0138643
-0.000552113 -0.00173418
-0.0201668 0.0106738
-0.0401256 0.0233644
0.0327001 -0.0463605
0.0322612 -0.0410105
0.0318518 -0.0356971
0.031471 -0.03042
0.0311182 -0.025179
0.0307926 -0.0199738
0.0304934 -0.014804
0.0302202 -0.00966958
0.029972 -0.00457012
0.0297484 0.00049463
0.0295487 0.00552493
0.0293723 0.0105211
0.0292185 0.0154833
0.0290867 0.0204119
0.0289765 0.0253072
0.0288871 0.0301695
0.0288182 0.034999
0.028769 0.039796
0.0287392 0.0445608
0.0287282 0.0492937
0.0334786 -0.044597
0.0335402 -0.0398514
0.0336214 -0.0350741
0.0337227 -0.0302648
0.0338447 -0.0254234
0.0339879 -0.0205494
0.0341528 -0.0156427
0.03434 -0.0107029
0.0345502 -0.0057299
0.0347839 -0.000723302
0.0350418 0.00431711
0.0353245 0.0093916
0.0356325 0.0145004
0.0359667 0.0196438
0.0363276 0.0248221
0.036716 0.0300354
0.0371326 0.0352841
0.0375781 0.0405683
-0.0271111 -0.0433545
-0.00744719 -0.0303129
0.0118781 -0.0175728
0.0308829 -0.00512839
0.0495842 0.0070256
0.0495842 -0.0070256
0.0308829 0.00512839
0.0118781 0.0175728
-0.00744719 0.0303129
-0.0271111 0.0433545
0.0375781 -0.0405683
0.0371326 -0.0352841
0.036716 -0.0300354
0.0363276 -0.0248221
0.0359667 -0.0196438
0.0356325 -0.0145004
0.0353245 -0.0093916
0.0350418 -0.00431711
0.0347839 0.000723302
0.0345502 0.0057299
0.03434 0.0107029
0.0341528 0.0156427
0.0339879 0.0205494
0.0338447 0.0254234
0.0337227 0.0302648
0.0336214 0.0350741
0.0335402 0.0398514
0.0334786 0.044597
0.0382918 -0.0399385
0.0384045 -0.0351811
0.0385377 -0.0303924
0.0386917 -0.025572
0.0388672 -0.0207196
0.0390648 -0.0158351
0.0392849 -0.0109181
0.0395282 -0.00596842
0.0397953 -0.000985793
0.0400868 0.00403003
0.0404033 0.00907929
0.0407455 0.0141622
0.0411141 0.0192791
0.0415096 0.0244301
0.0419329 0.0296155
0.0423846 0.0348355
0.00561083 -0.0496506
0.0246287 -0.0365842
0.0433321 -0.0238307
0.0433321 0.0238307
0.0246287 0.0365842
0.00561083 0.0496506
0.0423846 -0.0348355
0.0419329 -0.0296155
0.0415096 -0.0244301
0.0411141 -0.0192791
0.0407455 -0.0141622
0.0404033 -0.00907929
0.0400868 -0.00403003
0.0397953 0.000985793
0.0395282 0.00596842
0.0392849 0.0109181
0.0390648 0.0158351
0.0388672 0.0207196
0.0386917 0.025572
0.0385377 0.0303924
0.0384045 0.0351811
0.0382918 0.0399385
0.0431673 -0.0353196
0.0433317 -0.0305517
0.0435173 -0.0257525
0.0437246 -0.0209221
0.0439541 -0.0160599
0.0442065 -0.011166
0.0444824 -0.0062399
0.0447822 -0.00128148
0.0451067 0.00370951
0.0454565 0.0087333
0.0458322 0.0137901
0.0462344 0.0188802
0.0466639 0.0240037
0.0471213 0.029161
0.0471213 -0.029161
0.0466639 -0.0240037
0.0462344 -0.0188802
0.0458322 -0.0137901
0.0454565 -0.0087333
0.0451067 -0.00370951
0.0447822 0.00128148
0.0444824 0.0062399
0.0442065 0.011166
0.0439541 0.0160599
0.0437246 0.0209221
0.0435173 0.0257525
0.0433317 0.0305517
0.0431673 0.0353196
0.0481046 -0.030742
0.0483212 -0.0259645
0.0485597 -0.0211561
0.0488207 -0.0163167
0.0491048 -0.0114459
0.0494125 -0.00654371
0.0497445 -0.00160974
0.0501014 0.00335619
0.0504838 0.00835428
0.0508923 0.0133848
0.0513275 0.0184478
0.0517903 0.0235437
0.0517903 -0.0235437
0.0513275 -0.0184478
0.0508923 -0.0133848
0.0504838 -0.00835428
0.0501014 -0.00335619
0.0497445 0.00160974
0.0494125 0.00654371
0.0491048 0.0114459
0.0488207 0.0163167
0.0485597 0.0211561
0.0483212 0.0259645
0.0481046 0.030742
-0.0171651 0.042273
0.0533722 -0.0214212
0.0536642 -0.0166047
0.0539794 -0.0117574
0.0543184 -0.00687925
0.054682 -0.00196995
0.0550706 0.00297069
0.0554849 0.00794287
0.0559256 0.0129468
0.0559256 -0.0129468
0.0554849 -0.00794287
0.0550706 -0.00297069
0.054682 0.00196995
0.0543184 0.00687925
0.0539794 0.0117574
0.0536642 0.0166047
0.0533722 0.0214212
-0.0171651 -0.042273
0.0167084 0.0428866
0.0167084 -0.0428866
-0.0259436 0.00805969
-0.0259436 -0.00805969
-0.0173501 0.0503301
-0.0173501 -0.0503301
-0.0323933 0.0220908
-0.0323933 -0.0220908
0.0423921 0.0319427
0.0423921 -0.0319427
0.0239851 0.0340651
0.0332609 0.0393521
-0.014937 -0.00544484
-0.00510803 0.0457732
-0.00510803 -0.0457732
-0.014937 0.00544484
0.0332609 -0.0393521
0.0239851 -0.0340651
0.0345255 -0.0140813
0.0448372 0.0341862
0.0448372 -0.0341862
0.0345255 0.0140813
0.0243614 0.0367372
0.0243614 -0.0367372
-0.00916277 0.0442854
0.0184906 0.0299895
0.0184906 -0.0299895
-0.00916277 -0.0442854
-0.0156941 -0.0518964
-0.0156941 0.0518964
0.0469895 0.00154489
0.0271963 -0.0238754
0.00448515 0.0408078
0.00448515 -0.0408078
0.0271963 0.0238754
0.0469895 -0.00154489
